1628203 -11735168 -6872034
1628253 -11735168 -6872034
1628303 -11735168 -6872034
1628353 -11735168 -6872034
1628403 -11735168 -6872034
1628453 -11735168 -6872034
1628503 -11735168 -6872034
1628553 -11735168 -6872034
1628603 -11735168 -6872034
1628653 -11735168 -6872034
1628703 -11735168 -6872034
1628753 -11735168 -6872034
1628803 -11735168 -6872034
1628853 -11735168 -6872034
1628903 -11735168 -6872034
1628953 -11735168 -6872034
1629003 -11735168 -6872034
1629053 -11735168 -6872034
1629103 -11735168 -6872034
1629153 -11735168 -6872034
1629203 -11735168 -6872034
1629253 -11735168 -6872034
1629303 -11735168 -6872034
1629353 -11735168 -6872034
1629403 -11735168 -6872034
1629453 -11735168 -6872034
1629503 -11735168 -6872034
1629553 -11735168 -6872034
1629603 -11735168 -6872034
1629653 -11735168 -6872034
1629703 -11735168 -6872034
1629753 -11735168 -6872034
1629803 -11735168 -6872034
1629853 -11735168 -6872034
1629903 -11735168 -6872034
1629953 -11735168 -6872034
1630003 -11735168 -6872034
1630053 -11735168 -6872034
1630103 -11735168 -6872034
1630153 -11735168 -6872034
1630203 -11735168 -6872034
1630253 -11735168 -6872034
1630303 -11735168 -6872034
1630353 -11735168 -6872034
1630403 -11735168 -6872034
1630453 -11735168 -6872034
1630503 -11735168 -6872034
1630553 -11735168 -6872034
1630603 -11735168 -6872034
1630653 -11735168 -6872034
1630703 -11735168 -6872034
1630753 -11735168 -6872034
1630803 -11735168 -6872034
1630853 -11735168 -6872034
1630903 -11735168 -6872034
1630953 -11735168 -6872034
1631003 -11735168 -6872034
1631053 -11735168 -6872034
1631103 -11735168 -6872034
1631153 -11735168 -6872034
1631203 -11735129 -6872015
1631253 -11735104 -6872000
1631303 -11735070 -6871989
1631353 -11735027 -6871970
1631403 -11734989 -6871944
1631453 -11734939 -6871912
1631503 -11734885 -6871868
1631553 -11734837 -6871827
1631603 -11734789 -6871777
1631653 -11734743 -6871733
1631703 -11734686 -6871687
1631753 -11734639 -6871640
1631803 -11734591 -6871590
1631853 -11734544 -6871535
1631903 -11734491 -6871484
1631953 -11734433 -6871430
1632003 -11734387 -6871376
1632053 -11734341 -6871320
1632103 -11734289 -6871258
1632153 -11734241 -6871199
1632203 -11734185 -6871141
1632253 -11734127 -6871080
1632303 -11734075 -6871019
1632353 -11734027 -6870958
1632403 -11733975 -6870900
1632453 -11733923 -6870839
1632503 -11733869 -6870782
1632553 -11733813 -6870722
1632603 -11733766 -6870666
1632653 -11733715 -6870604
1632703 -11733663 -6870543
1632753 -11733615 -6870484
1632803 -11733561 -6870422
1632853 -11733505 -6870360
1632903 -11733447 -6870296
1632953 -11733397 -6870238
1633003 -11733343 -6870177
1633053 -11733294 -6870117
1633103 -11733241 -6870058
1633153 -11733187 -6869999
1633203 -11733133 -6869940
1633253 -11733073 -6869876
1633303 -11733022 -6869813
1633353 -11732972 -6869751
1633403 -11732922 -6869690
1633453 -11732869 -6869628
1633503 -11732819 -6869565
1633553 -11732763 -6869502
1633603 -11732707 -6869437
1633653 -11732647 -6869373
1633703 -11732597 -6869310
1633753 -11732546 -6869246
1633803 -11732490 -6869183
1633853 -11732434 -6869118
1633903 -11732378 -6869053
1633953 -11732325 -6868987
1634003 -11732270 -6868921
1634053 -11732213 -6868855
1634103 -11732153 -6868789
1634153 -11732095 -6868727
1634203 -11732046 -6868665
1634253 -11731997 -6868603
1634303 -11731945 -6868541
1634353 -11731895 -6868479
1634403 -11731846 -6868417
1634453 -11731789 -6868354
1634503 -11731734 -6868293
1634553 -11731683 -6868229
1634603 -11731633 -6868166
1634653 -11731582 -6868102
1634703 -11731527 -6868037
1634753 -11731477 -6867973
1634803 -11731426 -6867909
1634853 -11731371 -6867847
1634903 -11731313 -6867783
1634953 -11731261 -6867720
1635003 -11731211 -6867659
1635053 -11731162 -6867599
1635103 -11731111 -6867538
1635153 -11731061 -6867475
1635203 -11731008 -6867412
1635253 -11730957 -6867349
1635303 -11730901 -6867285
1635353 -11730849 -6867222
1635403 -11730799 -6867161
1635453 -11730749 -6867098
1635503 -11730697 -6867036
1635553 -11730647 -6866972
1635603 -11730591 -6866912
1635653 -11730536 -6866852
1635703 -11730484 -6866793
1635753 -11730435 -6866730
1635803 -11730387 -6866666
1635853 -11730332 -6866602
1635903 -11730281 -6866538
1635953 -11730229 -6866474
1636003 -11730173 -6866410
1636053 -11730116 -6866344
1636103 -11730060 -6866278
1636153 -11730009 -6866216
1636203 -11729957 -6866151
1636253 -11729904 -6866085
1636303 -11729847 -6866019
1636353 -11729795 -6865956
1636403 -11729741 -6865891
1636453 -11729689 -6865824
1636503 -11729633 -6865759
1636553 -11729575 -6865695
1636603 -11729524 -6865635
1636653 -11729473 -6865573
1636703 -11729424 -6865513
1636753 -11729372 -6865452
1636803 -11729323 -6865393
1636853 -11729271 -6865331
1636903 -11729215 -6865271
1636953 -11729156 -6865210
1637003 -11729105 -6865146
1637053 -11729055 -6865082
1637103 -11729001 -6865019
1637153 -11728951 -6864957
1637203 -11728900 -6864894
1637253 -11728847 -6864832
1637303 -11728789 -6864768
1637353 -11728739 -6864705
1637403 -11728687 -6864645
1637453 -11728632 -6864583
1637503 -11728579 -6864524
1637553 -11728529 -6864465
1637603 -11728473 -6864406
1637653 -11728416 -6864345
1637703 -11728363 -6864283
1637753 -11728313 -6864222
1637803 -11728263 -6864161
1637853 -11728208 -6864099
1637903 -11728159 -6864037
1637953 -11728109 -6863976
1638003 -11728051 -6863915
1638053 -11727993 -6863854
1638103 -11727940 -6863793
1638153 -11727891 -6863735
1638203 -11727837 -6863674
1638253 -11727783 -6863616
1638303 -11727729 -6863558
1638353 -11727672 -6863501
1638403 -11727615 -6863438
1638453 -11727563 -6863375
1638503 -11727511 -6863312
1638553 -11727459 -6863249
1638603 -11727405 -6863188
1638653 -11727355 -6863125
1638703 -11727300 -6863063
1638753 -11727245 -6863001
1638803 -11727189 -6862940
1638853 -11727126 -6862878
1638903 -11727073 -6862814
1638953 -11727021 -6862751
1639003 -11726967 -6862687
1639053 -11726913 -6862624
1639103 -11726861 -6862561
1639153 -11726807 -6862498
1639203 -11726745 -6862435
1639253 -11726686 -6862374
1639303 -11726637 -6862312
1639353 -11726585 -6862252
1639403 -11726532 -6862193
1639453 -11726481 -6862130
1639503 -11726427 -6862067
1639553 -11726373 -6862004
1639603 -11726311 -6861941
1639653 -11726257 -6861879
1639703 -11726207 -6861816
1639753 -11726158 -6861758
1639803 -11726105 -6861696
1639853 -11726053 -6861635
1639903 -11725996 -6861575
1639953 -11725939 -6861513
1640003 -11725887 -6861452
1640053 -11725834 -6861395
1640103 -11725781 -6861335
1640153 -11725730 -6861274
1640203 -11725679 -6861211
1640253 -11725621 -6861147
1640303 -11725566 -6861085
1640353 -11725509 -6861023
1640403 -11725453 -6860963
1640453 -11725395 -6860902
1640503 -11725342 -6860842
1640553 -11725289 -6860781
1640603 -11725235 -6860720
1640653 -11725173 -6860658
1640703 -11725115 -6860595
1640753 -11725062 -6860533
1640803 -11725007 -6860470
1640853 -11724951 -6860410
1640903 -11724896 -6860350
1640953 -11724841 -6860286
1641003 -11724786 -6860222
1641053 -11724727 -6860163
1641103 -11724665 -6860100
1641153 -11724609 -6860038
1641203 -11724554 -6859975
1641253 -11724499 -6859913
1641303 -11724443 -6859851
1641353 -11724383 -6859788
1641403 -11724327 -6859723
1641453 -11724271 -6859659
1641503 -11724209 -6859597
1641553 -11724150 -6859536
1641603 -11724097 -6859475
1641653 -11724043 -6859415
1641703 -11723985 -6859353
1641753 -11723931 -6859289
1641803 -11723877 -6859226
1641853 -11723818 -6859163
1641903 -11723759 -6859099
1641953 -11723705 -6859036
1642003 -11723654 -6858973
1642053 -11723595 -6858911
1642103 -11723541 -6858852
1642153 -11723487 -6858789
1642203 -11723433 -6858725
1642253 -11723370 -6858664
1642303 -11723314 -6858601
1642353 -11723262 -6858540
1642403 -11723209 -6858478
1642453 -11723159 -6858415
1642503 -11723101 -6858352
1642553 -11723051 -6858288
1642603 -11722995 -6858224
1642653 -11722939 -6858159
1642703 -11722883 -6858094
1642753 -11722827 -6858030
1642803 -11722777 -6857966
1642853 -11722727 -6857904
1642903 -11722674 -6857842
1642953 -11722621 -6857779
1643003 -11722567 -6857716
1643053 -11722509 -6857654
1643103 -11722450 -6857591
1643153 -11722399 -6857529
1643203 -11722349 -6857467
1643253 -11722299 -6857404
1643303 -11722245 -6857340
1643353 -11722193 -6857276
1643403 -11722137 -6857211
1643453 -11722078 -6857149
1643503 -11722021 -6857088
1643553 -11721965 -6857027
1643603 -11721915 -6856962
1643653 -11721865 -6856897
1643703 -11721809 -6856834
1643753 -11721757 -6856772
1643803 -11721699 -6856707
1643853 -11721647 -6856642
1643903 -11721591 -6856578
1643953 -11721533 -6856516
1644003 -11721483 -6856453
1644053 -11721433 -6856390
1644103 -11721383 -6856329
1644153 -11721329 -6856267
1644203 -11721279 -6856205
1644253 -11721227 -6856143
1644303 -11721165 -6856079
1644353 -11721109 -6856014
1644403 -11721057 -6855950
1644453 -11721005 -6855885
1644503 -11720955 -6855825
1644553 -11720903 -6855764
1644603 -11720850 -6855702
1644653 -11720798 -6855645
1644703 -11720737 -6855584
1644753 -11720689 -6855523
1644803 -11720637 -6855466
1644853 -11720583 -6855406
1644903 -11720533 -6855346
1644953 -11720475 -6855285
1645003 -11720419 -6855226
1645053 -11720358 -6855166
1645103 -11720307 -6855101
1645153 -11720257 -6855035
1645203 -11720205 -6854971
1645253 -11720149 -6854906
1645303 -11720094 -6854842
1645353 -11720044 -6854779
1645403 -11719985 -6854715
1645453 -11719929 -6854656
1645503 -11719879 -6854595
1645553 -11719826 -6854532
1645603 -11719773 -6854470
1645653 -11719715 -6854408
1645703 -11719661 -6854346
1645753 -11719602 -6854284
1645803 -11719543 -6854223
1645853 -11719489 -6854159
1645903 -11719433 -6854095
1645953 -11719378 -6854030
1646003 -11719323 -6853968
1646053 -11719269 -6853908
1646103 -11719218 -6853847
1646153 -11719165 -6853787
1646203 -11719106 -6853723
1646253 -11719049 -6853658
1646303 -11718991 -6853592
1646353 -11718935 -6853529
1646403 -11718881 -6853470
1646453 -11718827 -6853407
1646503 -11718783 -6853338
1646553 -11718752 -6853260
1646603 -11718729 -6853186
1646653 -11718702 -6853114
1646703 -11718665 -6853044
1646753 -11718621 -6852977
1646803 -11718582 -6852918
1646853 -11718545 -6852858
1646903 -11718490 -6852796
1646953 -11718438 -6852732
1647003 -11718390 -6852666
1647053 -11718343 -6852600
1647103 -11718291 -6852534
1647153 -11718245 -6852469
1647203 -11718189 -6852403
1647253 -11718142 -6852338
1647303 -11718091 -6852273
1647353 -11718042 -6852208
1647403 -11717995 -6852142
1647453 -11717945 -6852077
1647503 -11717891 -6852011
1647553 -11717845 -6851946
1647603 -11717798 -6851880
1647653 -11717747 -6851813
1647703 -11717697 -6851746
1647753 -11717641 -6851680
1647803 -11717585 -6851612
1647853 -11717537 -6851546
1647903 -11717493 -6851480
1647953 -11717442 -6851414
1648003 -11717395 -6851349
1648053 -11717342 -6851283
1648103 -11717293 -6851217
1648153 -11717247 -6851151
1648203 -11717197 -6851086
1648253 -11717150 -6851020
1648303 -11717099 -6850954
1648353 -11717045 -6850889
1648403 -11716993 -6850823
1648453 -11716941 -6850756
1648503 -11716891 -6850688
1648553 -11716838 -6850622
1648603 -11716787 -6850557
1648653 -11716734 -6850490
1648703 -11716678 -6850424
1648753 -11716629 -6850357
1648803 -11716575 -6850290
1648853 -11716521 -6850224
1648903 -11716469 -6850157
1648953 -11716415 -6850090
1649003 -11716363 -6850023
1649053 -11716309 -6849958
1649103 -11716262 -6849893
1649153 -11716214 -6849829
1649203 -11716163 -6849764
1649253 -11716115 -6849700
1649303 -11716065 -6849634
1649353 -11716009 -6849568
1649403 -11715961 -6849502
1649453 -11715909 -6849434
1649503 -11715855 -6849368
1649553 -11715801 -6849300
1649603 -11715750 -6849234
1649653 -11715695 -6849168
1649703 -11715635 -6849102
1649753 -11715589 -6849037
1649803 -11715542 -6848971
1649853 -11715491 -6848905
1649903 -11715439 -6848840
1649953 -11715383 -6848774
1650003 -11715325 -6848709
1650053 -11715274 -6848642
1650103 -11715222 -6848576
1650153 -11715170 -6848509
1650203 -11715117 -6848442
1650253 -11715058 -6848375
1650303 -11714997 -6848308
1650353 -11714949 -6848240
1650403 -11714893 -6848174
1650453 -11714843 -6848109
1650503 -11714797 -6848043
1650553 -11714746 -6847978
1650603 -11714691 -6847912
1650653 -11714639 -6847847
1650703 -11714588 -6847782
1650753 -11714536 -6847716
1650803 -11714487 -6847650
1650853 -11714439 -6847584
1650903 -11714382 -6847517
1650953 -11714327 -6847450
1651003 -11714277 -6847384
1651053 -11714222 -6847318
1651103 -11714171 -6847252
1651153 -11714119 -6847185
1651203 -11714065 -6847118
1651253 -11714010 -6847052
1651303 -11713953 -6846986
1651353 -11713898 -6846921
1651403 -11713843 -6846854
1651453 -11713787 -6846786
1651503 -11713734 -6846718
1651553 -11713686 -6846652
1651603 -11713633 -6846586
1651653 -11713577 -6846521
1651703 -11713529 -6846456
1651753 -11713482 -6846390
1651803 -11713431 -6846325
1651853 -11713382 -6846258
1651903 -11713330 -6846192
1651953 -11713269 -6846125
1652003 -11713219 -6846057
1652053 -11713165 -6845990
1652103 -11713118 -6845925
1652153 -11713069 -6845860
1652203 -11713017 -6845795
1652253 -11712962 -6845730
1652303 -11712913 -6845665
1652353 -11712867 -6845600
1652403 -11712817 -6845535
1652453 -11712763 -6845470
1652503 -11712709 -6845406
1652553 -11712655 -6845341
1652603 -11712609 -6845275
1652653 -11712562 -6845209
1652703 -11712510 -6845142
1652753 -11712457 -6845075
1652803 -11712399 -6845008
1652853 -11712339 -6844941
1652903 -11712287 -6844875
1652953 -11712237 -6844810
1653003 -11712187 -6844744
1653053 -11712141 -6844679
1653103 -11712090 -6844614
1653153 -11712031 -6844548
1653203 -11711979 -6844482
1653253 -11711933 -6844416
1653303 -11711882 -6844341
1653353 -11711825 -6844258
1653403 -11711757 -6844175
1653453 -11711685 -6844090
1653503 -11711609 -6844002
1653553 -11711534 -6843908
1653603 -11711462 -6843814
1653653 -11711389 -6843720
1653703 -11711321 -6843626
1653753 -11711242 -6843532
1653803 -11711169 -6843437
1653853 -11711093 -6843342
1653903 -11711027 -6843248
1653953 -11710955 -6843153
1654003 -11710877 -6843059
1654053 -11710803 -6842963
1654103 -11710725 -6842868
1654153 -11710651 -6842774
1654203 -11710581 -6842678
1654253 -11710505 -6842584
1654303 -11710429 -6842489
1654353 -11710354 -6842394
1654403 -11710281 -6842299
1654453 -11710215 -6842204
1654503 -11710147 -6842109
1654553 -11710075 -6842014
1654603 -11710006 -6841918
1654653 -11709933 -6841823
1654703 -11709859 -6841728
1654753 -11709793 -6841632
1654803 -11709721 -6841537
1654853 -11709647 -6841441
1654903 -11709579 -6841346
1654953 -11709506 -6841252
1655003 -11709433 -6841157
1655053 -11709369 -6841063
1655103 -11709299 -6840968
1655153 -11709225 -6840874
1655203 -11709155 -6840781
1655253 -11709079 -6840685
1655303 -11709011 -6840589
1655353 -11708935 -6840493
1655403 -11708863 -6840400
1655453 -11708789 -6840305
1655503 -11708713 -6840210
1655553 -11708646 -6840116
1655603 -11708573 -6840021
1655653 -11708499 -6839926
1655703 -11708421 -6839833
1655753 -11708349 -6839737
1655803 -11708281 -6839642
1655853 -11708211 -6839547
1655903 -11708137 -6839451
1655953 -11708059 -6839357
1656003 -11707981 -6839263
1656053 -11707910 -6839167
1656103 -11707843 -6839073
1656153 -11707770 -6838978
1656203 -11707701 -6838884
1656253 -11707625 -6838789
1656303 -11707552 -6838693
1656353 -11707487 -6838599
1656403 -11707419 -6838504
1656453 -11707347 -6838409
1656503 -11707277 -6838313
1656553 -11707205 -6838219
1656603 -11707130 -6838123
1656653 -11707065 -6838029
1656703 -11706995 -6837934
1656753 -11706923 -6837839
1656803 -11706850 -6837745
1656853 -11706777 -6837650
1656903 -11706703 -6837556
1656953 -11706639 -6837463
1657003 -11706569 -6837367
1657053 -11706495 -6837273
1657103 -11706425 -6837179
1657153 -11706350 -6837085
1657203 -11706282 -6836991
1657253 -11706213 -6836897
1657303 -11706139 -6836803
1657353 -11706063 -6836710
1657403 -11705988 -6836615
1657453 -11705915 -6836519
1657503 -11705850 -6836423
1657553 -11705777 -6836329
1657603 -11705705 -6836234
1657653 -11705634 -6836141
1657703 -11705563 -6836047
1657753 -11705495 -6835952
1657803 -11705430 -6835858
1657853 -11705355 -6835762
1657903 -11705286 -6835667
1657953 -11705215 -6835573
1658003 -11705143 -6835478
1658053 -11705075 -6835383
1658103 -11705009 -6835289
1658153 -11704945 -6835188
1658203 -11704891 -6835076
1658253 -11704834 -6834966
1658303 -11704779 -6834856
1658353 -11704725 -6834746
1658403 -11704671 -6834637
1658453 -11704621 -6834529
1658503 -11704573 -6834418
1658553 -11704522 -6834309
1658603 -11704463 -6834201
1658653 -11704401 -6834090
1658703 -11704350 -6833981
1658753 -11704299 -6833873
1658803 -11704245 -6833765
1658853 -11704191 -6833658
1658903 -11704135 -6833548
1658953 -11704082 -6833440
1659003 -11704021 -6833331
1659053 -11703969 -6833220
1659103 -11703918 -6833109
1659153 -11703871 -6833000
1659203 -11703819 -6832891
1659253 -11703765 -6832781
1659303 -11703710 -6832673
1659353 -11703659 -6832561
1659403 -11703601 -6832450
1659453 -11703546 -6832341
1659503 -11703490 -6832231
1659553 -11703429 -6832123
1659603 -11703371 -6832016
1659653 -11703319 -6831909
1659703 -11703266 -6831800
1659753 -11703209 -6831691
1659803 -11703150 -6831581
1659853 -11703093 -6831471
1659903 -11703039 -6831362
1659953 -11702985 -6831253
1660003 -11702926 -6831144
1660053 -11702867 -6831038
1660103 -11702807 -6830929
1660153 -11702755 -6830819
1660203 -11702691 -6830709
1660253 -11702631 -6830602
1660303 -11702573 -6830494
1660353 -11702515 -6830387
1660403 -11702453 -6830279
1660453 -11702405 -6830171
1660503 -11702351 -6830063
1660553 -11702298 -6829952
1660603 -11702251 -6829840
1660653 -11702197 -6829730
1660703 -11702146 -6829621
1660753 -11702097 -6829511
1660803 -11702047 -6829401
1660853 -11701993 -6829290
1660903 -11701941 -6829179
1660953 -11701887 -6829068
1661003 -11701837 -6828956
1661053 -11701783 -6828844
1661103 -11701730 -6828733
1661153 -11701681 -6828622
1661203 -11701631 -6828514
1661253 -11701582 -6828404
1661303 -11701539 -6828293
1661353 -11701486 -6828184
1661403 -11701429 -6828073
1661453 -11701375 -6827964
1661503 -11701325 -6827853
1661553 -11701274 -6827746
1661603 -11701222 -6827635
1661653 -11701167 -6827525
1661703 -11701118 -6827415
1661753 -11701061 -6827307
1661803 -11701010 -6827196
1661853 -11700956 -6827088
1661903 -11700905 -6826978
1661953 -11700857 -6826869
1662003 -11700802 -6826761
1662053 -11700745 -6826652
1662103 -11700695 -6826543
1662153 -11700645 -6826434
1662203 -11700591 -6826324
1662253 -11700535 -6826214
1662303 -11700486 -6826103
1662353 -11700436 -6825991
1662403 -11700386 -6825881
1662453 -11700321 -6825806
1662503 -11700242 -6825738
1662553 -11700173 -6825670
1662603 -11700118 -6825602
1662653 -11700063 -6825533
1662703 -11700009 -6825471
1662753 -11699957 -6825412
1662803 -11699902 -6825353
1662853 -11699851 -6825294
1662903 -11699801 -6825236
1662953 -11699745 -6825178
1663003 -11699693 -6825118
1663053 -11699643 -6825057
1663103 -11699593 -6824994
1663153 -11699545 -6824931
1663203 -11699493 -6824868
1663253 -11699437 -6824804
1663303 -11699389 -6824740
1663353 -11699335 -6824676
1663403 -11699286 -6824612
1663453 -11699233 -6824549
1663503 -11699186 -6824486
1663553 -11699135 -6824422
1663603 -11699079 -6824359
1663653 -11699027 -6824296
1663703 -11698979 -6824232
1663753 -11698929 -6824169
1663803 -11698881 -6824106
1663853 -11698829 -6824044
1663903 -11698769 -6823981
1663953 -11698721 -6823917
1664003 -11698669 -6823853
1664053 -11698615 -6823789
1664103 -11698565 -6823725
1664153 -11698517 -6823662
1664203 -11698461 -6823598
1664253 -11698406 -6823535
1664303 -11698353 -6823471
1664353 -11698301 -6823407
1664403 -11698247 -6823342
1664453 -11698194 -6823278
1664503 -11698141 -6823214
1664553 -11698083 -6823151
1664603 -11698031 -6823087
1664653 -11697979 -6823023
1664703 -11697927 -6822960
1664753 -11697875 -6822897
1664803 -11697823 -6822834
1664853 -11697767 -6822770
1664903 -11697707 -6822706
1664953 -11697655 -6822644
1665003 -11697603 -6822580
1665053 -11697551 -6822516
1665103 -11697502 -6822452
1665153 -11697446 -6822387
1665203 -11697390 -6822323
1665253 -11697339 -6822260
1665303 -11697287 -6822197
1665353 -11697236 -6822134
1665403 -11697185 -6822072
1665453 -11697134 -6822010
1665503 -11697075 -6821947
1665553 -11697025 -6821885
1665603 -11696974 -6821822
1665653 -11696923 -6821760
1665703 -11696871 -6821697
1665753 -11696820 -6821634
1665803 -11696761 -6821572
1665853 -11696714 -6821509
1665903 -11696665 -6821446
1665953 -11696613 -6821382
1666003 -11696565 -6821320
1666053 -11696514 -6821259
1666103 -11696455 -6821196
1666153 -11696405 -6821133
1666203 -11696357 -6821070
1666253 -11696305 -6821006
1666303 -11696258 -6820944
1666353 -11696203 -6820882
1666403 -11696149 -6820821
1666453 -11696097 -6820758
1666503 -11696049 -6820696
1666553 -11695997 -6820633
1666603 -11695949 -6820569
1666653 -11695899 -6820505
1666703 -11695841 -6820442
1666753 -11695790 -6820379
1666803 -11695739 -6820316
1666853 -11695691 -6820252
1666903 -11695638 -6820188
1666953 -11695589 -6820125
1667003 -11695537 -6820061
1667053 -11695479 -6819997
1667103 -11695430 -6819934
1667153 -11695382 -6819870
1667203 -11695331 -6819807
1667253 -11695281 -6819745
1667303 -11695225 -6819681
1667353 -11695170 -6819619
1667403 -11695118 -6819556
1667453 -11695070 -6819492
1667503 -11695019 -6819430
1667553 -11694971 -6819372
1667603 -11694923 -6819331
1667653 -11694878 -6819286
1667703 -11694839 -6819238
1667753 -11694801 -6819194
1667803 -11694767 -6819151
1667853 -11694735 -6819110
1667903 -11694693 -6819069
1667953 -11694663 -6819029
1668003 -11694621 -6818990
1668053 -11694591 -6818951
1668103 -11694550 -6818912
1668153 -11694521 -6818873
1668203 -11694485 -6818834
1668253 -11694457 -6818796
1668303 -11694425 -6818761
1668353 -11694390 -6818724
1668403 -11694355 -6818690
1668453 -11694322 -6818653
1668503 -11694287 -6818620
1668553 -11694253 -6818583
1668603 -11694217 -6818546
1668653 -11694181 -6818509
1668703 -11694149 -6818470
1668753 -11694109 -6818431
1668803 -11694071 -6818393
1668853 -11694029 -6818353
1668903 -11693997 -6818313
1668953 -11693953 -6818273
1669003 -11693923 -6818235
1669053 -11693883 -6818194
1669103 -11693845 -6818153
1669153 -11693809 -6818115
1669203 -11693769 -6818077
1669253 -11693735 -6818040
1669303 -11693697 -6818002
1669353 -11693665 -6817964
1669403 -11693626 -6817925
1669453 -11693597 -6817886
1669503 -11693555 -6817846
1669553 -11693521 -6817806
1669603 -11693487 -6817768
1669653 -11693450 -6817729
1669703 -11693413 -6817691
1669753 -11693377 -6817653
1669803 -11693345 -6817614
1669853 -11693309 -6817576
1669903 -11693275 -6817537
1669953 -11693233 -6817498
1670003 -11693202 -6817457
1670053 -11693162 -6817416
1670103 -11693131 -6817374
1670153 -11693094 -6817333
1670203 -11693059 -6817293
1670253 -11693029 -6817254
1670303 -11692987 -6817215
1670353 -11692958 -6817176
1670403 -11692921 -6817137
1670453 -11692887 -6817098
1670503 -11692845 -6817058
1670553 -11692816 -6817017
1670603 -11692777 -6816976
1670653 -11692745 -6816935
1670703 -11692711 -6816894
1670753 -11692667 -6816852
1670803 -11692634 -6816809
1670853 -11692590 -6816768
1670903 -11692557 -6816727
1670953 -11692523 -6816688
1671003 -11692490 -6816648
1671053 -11692453 -6816610
1671103 -11692417 -6816570
1671153 -11692387 -6816531
1671203 -11692343 -6816492
1671253 -11692299 -6816454
1671303 -11692251 -6816410
1671353 -11692205 -6816360
1671403 -11692151 -6816310
1671453 -11692098 -6816262
1671503 -11692037 -6816213
1671553 -11691977 -6816168
1671603 -11691913 -6816114
1671653 -11691860 -6816056
1671703 -11691800 -6815998
1671753 -11691734 -6815939
1671803 -11691674 -6815884
1671853 -11691607 -6815828
1671903 -11691549 -6815769
1671953 -11691485 -6815715
1672003 -11691423 -6815654
1672053 -11691367 -6815597
1672103 -11691300 -6815534
1672153 -11691235 -6815474
1672203 -11691167 -6815411
1672253 -11691096 -6815350
1672303 -11691037 -6815288
1672353 -11690969 -6815226
1672403 -11690899 -6815169
1672453 -11690837 -6815111
1672503 -11690768 -6815050
1672553 -11690695 -6814993
1672603 -11690627 -6814939
1672653 -11690565 -6814888
1672703 -11690495 -6814830
1672753 -11690425 -6814763
1672803 -11690357 -6814696
1672853 -11690296 -6814629
1672903 -11690225 -6814563
1672953 -11690159 -6814498
1673003 -11690095 -6814432
1673053 -11690029 -6814365
1673103 -11689960 -6814298
1673153 -11689893 -6814232
1673203 -11689827 -6814167
1673253 -11689756 -6814108
1673303 -11689689 -6814046
1673353 -11689623 -6813977
1673403 -11689563 -6813918
1673453 -11689503 -6813853
1673503 -11689436 -6813798
1673553 -11689373 -6813734
1673603 -11689307 -6813672
1673653 -11689243 -6813607
1673703 -11689184 -6813545
1673753 -11689122 -6813478
1673803 -11689054 -6813412
1673853 -11688984 -6813348
1673903 -11688926 -6813287
1673953 -11688859 -6813221
1674003 -11688797 -6813160
1674053 -11688735 -6813096
1674103 -11688673 -6813040
1674153 -11688602 -6812980
1674203 -11688543 -6812921
1674253 -11688477 -6812864
1674303 -11688415 -6812807
1674353 -11688349 -6812742
1674403 -11688285 -6812682
1674453 -11688222 -6812620
1674503 -11688157 -6812555
1674553 -11688097 -6812490
1674603 -11688033 -6812422
1674653 -11687969 -6812358
1674703 -11687909 -6812292
1674753 -11687849 -6812230
1674803 -11687785 -6812166
1674853 -11687721 -6812102
1674903 -11687655 -6812036
1674953 -11687590 -6811974
1675003 -11687526 -6811913
1675053 -11687461 -6811849
1675103 -11687397 -6811780
1675153 -11687330 -6811714
1675203 -11687271 -6811645
1675253 -11687211 -6811581
1675303 -11687149 -6811516
1675353 -11687091 -6811455
1675403 -11687027 -6811391
1675453 -11686962 -6811327
1675503 -11686897 -6811265
1675553 -11686833 -6811199
1675603 -11686773 -6811130
1675653 -11686709 -6811062
1675703 -11686645 -6810999
1675753 -11686581 -6810937
1675803 -11686519 -6810873
1675853 -11686453 -6810809
1675903 -11686391 -6810744
1675953 -11686331 -6810683
1676003 -11686273 -6810623
1676053 -11686215 -6810561
1676103 -11686157 -6810496
1676153 -11686097 -6810437
1676203 -11686032 -6810369
1676253 -11685976 -6810303
1676303 -11685908 -6810242
1676353 -11685846 -6810181
1676403 -11685792 -6810124
1676453 -11685725 -6810073
1676503 -11685666 -6810025
1676553 -11685600 -6809958
1676603 -11685538 -6809895
1676653 -11685482 -6809830
1676703 -11685426 -6809768
1676753 -11685363 -6809706
1676803 -11685300 -6809641
1676853 -11685236 -6809578
1676903 -11685170 -6809514
1676953 -11685106 -6809448
1677003 -11685038 -6809385
1677053 -11684976 -6809324
1677103 -11684920 -6809258
1677153 -11684860 -6809194
1677203 -11684796 -6809131
1677253 -11684736 -6809076
1677303 -11684674 -6809012
1677353 -11684608 -6808955
1677403 -11684542 -6808891
1677453 -11684483 -6808823
1677503 -11684420 -6808761
1677553 -11684356 -6808695
1677603 -11684286 -6808630
1677653 -11684221 -6808568
1677703 -11684156 -6808502
1677753 -11684090 -6808443
1677803 -11684022 -6808377
1677853 -11683956 -6808311
1677903 -11683891 -6808249
1677953 -11683836 -6808188
1678003 -11683799 -6808108
1678053 -11683774 -6808029
1678103 -11683752 -6807954
1678153 -11683715 -6807879
1678203 -11683678 -6807804
1678253 -11683640 -6807731
1678303 -11683599 -6807659
1678353 -11683568 -6807589
1678403 -11683530 -6807531
1678453 -11683492 -6807474
1678503 -11683448 -6807415
1678553 -11683410 -6807355
1678603 -11683355 -6807292
1678653 -11683310 -6807229
1678703 -11683264 -6807165
1678753 -11683214 -6807099
1678803 -11683168 -6807033
1678853 -11683115 -6806967
1678903 -11683067 -6806902
1678953 -11683022 -6806836
1679003 -11682974 -6806771
1679053 -11682928 -6806704
1679103 -11682878 -6806638
1679153 -11682828 -6806572
1679203 -11682782 -6806506
1679253 -11682730 -6806440
1679303 -11682682 -6806373
1679353 -11682635 -6806307
1679403 -11682578 -6806241
1679453 -11682530 -6806176
1679503 -11682483 -6806111
1679553 -11682432 -6806045
1679603 -11682386 -6805980
1679653 -11682335 -6805915
1679703 -11682280 -6805849
1679753 -11682234 -6805783
1679803 -11682188 -6805717
1679853 -11682142 -6805652
1679903 -11682094 -6805587
1679953 -11682038 -6805523
1680003 -11681986 -6805457
1680053 -11681935 -6805389
1680103 -11681888 -6805322
1680153 -11681836 -6805256
1680203 -11681790 -6805191
1680253 -11681742 -6805126
1680303 -11681686 -6805060
1680353 -11681638 -6804995
1680403 -11681589 -6804929
1680453 -11681538 -6804863
1680503 -11681486 -6804796
1680553 -11681438 -6804729
1680603 -11681387 -6804662
1680653 -11681332 -6804597
1680703 -11681286 -6804532
1680753 -11681239 -6804466
1680803 -11681188 -6804400
1680853 -11681142 -6804335
1680903 -11681086 -6804269
1680953 -11681035 -6804199
1681003 -11680988 -6804119
1681053 -11680932 -6804037
1681103 -11680866 -6803952
1681153 -11680794 -6803864
1681203 -11680724 -6803774
1681253 -11680662 -6803682
1681303 -11680596 -6803590
1681353 -11680526 -6803496
1681403 -11680454 -6803403
1681453 -11680382 -6803309
1681503 -11680310 -6803216
1681553 -11680238 -6803121
1681603 -11680176 -6803028
1681653 -11680103 -6802933
1681703 -11680030 -6802839
1681753 -11679962 -6802745
1681803 -11679888 -6802651
1681853 -11679820 -6802557
1681903 -11679755 -6802463
1681953 -11679678 -6802369
1682003 -11679606 -6802277
1682053 -11679536 -6802183
1682103 -11679462 -6802088
1682153 -11679394 -6801992
1682203 -11679323 -6801898
1682253 -11679251 -6801804
1682303 -11679178 -6801709
1682353 -11679104 -6801615
1682403 -11679027 -6801519
1682453 -11678960 -6801425
1682503 -11678884 -6801329
1682553 -11678814 -6801234
1682603 -11678740 -6801137
1682653 -11678666 -6801043
1682703 -11678603 -6800948
1682753 -11678530 -6800853
1682803 -11678458 -6800759
1682853 -11678386 -6800664
1682903 -11678311 -6800568
1682953 -11678242 -6800473
1683003 -11678172 -6800379
1683053 -11678098 -6800284
1683103 -11678028 -6800189
1683153 -11677955 -6800093
1683203 -11677883 -6799997
1683253 -11677818 -6799902
1683303 -11677750 -6799807
1683353 -11677677 -6799712
1683403 -11677608 -6799618
1683453 -11677534 -6799523
1683503 -11677458 -6799428
1683553 -11677394 -6799334
1683603 -11677322 -6799239
1683653 -11677252 -6799145
1683703 -11677178 -6799052
1683753 -11677106 -6798959
1683803 -11677040 -6798863
1683853 -11676972 -6798768
1683903 -11676898 -6798674
1683953 -11676828 -6798580
1684003 -11676752 -6798486
1684053 -11676680 -6798392
1684103 -11676616 -6798298
1684153 -11676546 -6798204
1684203 -11676472 -6798110
1684253 -11676402 -6798016
1684303 -11676326 -6797921
1684353 -11676260 -6797825
1684403 -11676192 -6797731
1684453 -11676122 -6797637
1684503 -11676050 -6797544
1684553 -11675983 -6797451
1684603 -11675911 -6797358
1684653 -11675838 -6797263
1684703 -11675776 -6797169
1684753 -11675710 -6797074
1684803 -11675655 -6796977
1684853 -11675598 -6796885
1684903 -11675545 -6796800
1684953 -11675498 -6796716
1685003 -11675446 -6796632
1685053 -11675396 -6796550
1685103 -11675346 -6796466
1685153 -11675291 -6796382
1685203 -11675240 -6796299
1685253 -11675198 -6796214
1685303 -11675146 -6796130
1685353 -11675099 -6796047
1685403 -11675048 -6795966
1685453 -11674988 -6795882
1685503 -11674940 -6795799
1685553 -11674892 -6795717
1685603 -11674842 -6795633
1685653 -11674795 -6795549
1685703 -11674743 -6795465
1685753 -11674692 -6795383
1685803 -11674642 -6795301
1685853 -11674594 -6795217
1685903 -11674542 -6795134
1685953 -11674496 -6795050
1686003 -11674444 -6794969
1686053 -11674392 -6794884
1686103 -11674346 -6794800
1686153 -11674298 -6794716
1686203 -11674249 -6794632
1686253 -11674202 -6794547
1686303 -11674146 -6794465
1686353 -11674092 -6794382
1686403 -11674058 -6794324
1686453 -11674042 -6794322
1686503 -11674032 -6794322
1686553 -11674023 -6794322
1686603 -11674022 -6794322
1686653 -11674023 -6794323
1686703 -11674023 -6794323
1686753 -11674023 -6794323
1686803 -11674023 -6794323
1686853 -11674023 -6794323
1686903 -11674023 -6794323
1686953 -11674023 -6794323
1687003 -11674023 -6794323
1687053 -11674023 -6794323
1687103 -11674023 -6794323
1687153 -11674023 -6794323
1687203 -11674023 -6794323
1687253 -11674023 -6794323
1687303 -11674023 -6794323
1687353 -11674023 -6794323
1687403 -11674023 -6794323
1687453 -11674023 -6794323
1687503 -11674023 -6794323
1687553 -11674023 -6794323
1687603 -11674023 -6794323
1687653 -11674023 -6794323
1687703 -11674023 -6794323
1687753 -11674023 -6794323
1687803 -11674023 -6794323
1687853 -11674023 -6794323
1687903 -11674023 -6794323
1687953 -11674023 -6794323
1688003 -11674023 -6794323
1688053 -11674023 -6794323
1688103 -11674023 -6794323
1688153 -11674023 -6794323
1688203 -11674023 -6794323
1688253 -11674023 -6794323
1688303 -11674023 -6794323
1688353 -11674023 -6794323
1688403 -11674023 -6794323
1688453 -11674023 -6794323
1688503 -11674023 -6794323
1688553 -11674023 -6794323
1688603 -11674023 -6794323
1688653 -11674023 -6794323
1688703 -11674023 -6794323
1688753 -11674023 -6794323
1688803 -11674023 -6794323
1688853 -11674023 -6794323
1688903 -11674023 -6794323
1688953 -11674023 -6794323
1689003 -11674023 -6794323
1689053 -11674023 -6794323
1689103 -11674023 -6794323
1689153 -11674023 -6794323
1689203 -11674023 -6794323
1689253 -11674023 -6794323
1689303 -11674023 -6794323
1689353 -11674023 -6794323
1689403 -11674023 -6794323
1689453 -11674023 -6794323
1689503 -11674023 -6794323
1689553 -11674023 -6794323
1689603 -11674023 -6794323
1689653 -11674023 -6794323
1689703 -11674023 -6794323
1689753 -11674023 -6794323
1689803 -11674023 -6794323
1689853 -11674023 -6794323
1689903 -11674023 -6794323
1689953 -11674023 -6794323
1690003 -11674023 -6794323
1690053 -11674023 -6794323
1690103 -11674023 -6794323
1690153 -11674023 -6794323
1690203 -11674023 -6794323
1690253 -11674023 -6794323
1690303 -11674023 -6794323
1690353 -11674023 -6794323
1690403 -11674023 -6794323
1690453 -11674023 -6794323
1690503 -11674023 -6794323
1690553 -11674023 -6794323
1690603 -11674023 -6794323
1690653 -11674023 -6794323
1690703 -11674023 -6794323
1690753 -11674023 -6794323
1690803 -11674023 -6794323
1690853 -11674023 -6794323
1690903 -11674023 -6794323
1690953 -11674023 -6794323
1691003 -11674023 -6794323
1691053 -11674023 -6794323
1691103 -11674023 -6794323
1691153 -11674023 -6794323
1691203 -11674023 -6794323
1691253 -11674023 -6794323
1691303 -11674023 -6794323
1691353 -11674023 -6794323
1691403 -11674023 -6794323
1691453 -11674023 -6794323
1691503 -11674023 -6794323
1691553 -11674023 -6794323
1691603 -11674023 -6794323
1691653 -11674023 -6794323
1691703 -11674023 -6794323
1691753 -11674023 -6794323
1691803 -11674023 -6794323
1691853 -11674023 -6794323
1691903 -11674023 -6794323
1691953 -11674023 -6794323
1692003 -11674023 -6794323
1692053 -11674023 -6794323
1692103 -11674023 -6794323
1692153 -11674023 -6794323
1692203 -11674023 -6794323
1692253 -11674023 -6794323
1692303 -11674023 -6794323
1692353 -11674023 -6794323
1692403 -11674023 -6794323
1692453 -11674023 -6794323
1692503 -11674023 -6794323
1692553 -11674023 -6794323
1692603 -11674023 -6794323
1692653 -11674023 -6794323
1692703 -11674023 -6794323
1692753 -11674023 -6794323
1692803 -11674023 -6794323
1692853 -11674023 -6794323
1692903 -11674023 -6794323
1692953 -11674023 -6794323
1693003 -11674023 -6794323
1693053 -11674023 -6794323
1693103 -11674023 -6794323
1693153 -11674023 -6794323
1693203 -11674023 -6794323
1693253 -11674023 -6794323
1693303 -11674023 -6794323
1693353 -11674023 -6794323
1693403 -11674023 -6794323
1693453 -11674023 -6794323
1693503 -11674023 -6794323
1693553 -11674023 -6794323
1693603 -11674023 -6794323
1693653 -11674023 -6794323
1693703 -11674023 -6794323
1693753 -11674023 -6794323
1693803 -11674023 -6794323
1693853 -11674023 -6794323
1693903 -11674023 -6794323
1693953 -11674023 -6794323
1694003 -11674023 -6794323
1694053 -11674023 -6794323
1694103 -11674023 -6794323
1694153 -11674023 -6794323
1694203 -11674023 -6794323
1694253 -11674023 -6794323
1694303 -11674023 -6794323
1694353 -11674023 -6794323
1694403 -11674023 -6794323
1694453 -11674023 -6794323
1694503 -11674023 -6794323
1694553 -11674023 -6794323
1694603 -11674023 -6794323
1694653 -11674023 -6794323
1694703 -11674023 -6794323
1694753 -11674023 -6794323
1694803 -11674023 -6794323
1694853 -11674023 -6794323
1694903 -11674023 -6794323
1694953 -11674023 -6794323
1695003 -11674023 -6794323
1695053 -11674025 -6794331
1695103 -11674033 -6794256
1695153 -11674053 -6794201
1695203 -11674061 -6794125
1695253 -11674049 -6794054
1695303 -11674034 -6793957
1695353 -11674018 -6793857
1695403 -11674005 -6793757
1695453 -11673989 -6793658
1695503 -11673970 -6793559
1695553 -11673955 -6793460
1695603 -11673939 -6793362
1695653 -11673919 -6793266
1695703 -11673898 -6793168
1695753 -11673882 -6793070
1695803 -11673866 -6792973
1695853 -11673846 -6792875
1695903 -11673829 -6792776
1695953 -11673815 -6792676
1696003 -11673797 -6792580
1696053 -11673780 -6792480
1696103 -11673763 -6792377
1696153 -11673745 -6792275
1696203 -11673733 -6792174
1696253 -11673717 -6792073
1696303 -11673704 -6791976
1696353 -11673690 -6791876
1696403 -11673681 -6791774
1696453 -11673669 -6791674
1696503 -11673653 -6791572
1696553 -11673637 -6791468
1696603 -11673621 -6791365
1696653 -11673615 -6791262
1696703 -11673599 -6791161
1696753 -11673587 -6791058
1696803 -11673571 -6790958
1696853 -11673559 -6790855
1696903 -11673550 -6790752
1696953 -11673534 -6790651
1697003 -11673517 -6790548
1697053 -11673501 -6790445
1697103 -11673489 -6790342
1697153 -11673477 -6790238
1697203 -11673461 -6790136
1697253 -11673445 -6790035
1697303 -11673429 -6789936
1697353 -11673423 -6789836
1697403 -11673409 -6789734
1697453 -11673393 -6789632
1697503 -11673376 -6789530
1697553 -11673363 -6789429
1697603 -11673351 -6789333
1697653 -11673333 -6789232
1697703 -11673301 -6789153
1697753 -11673243 -6789101
1697803 -11673183 -6789044
1697853 -11673125 -6788982
1697903 -11673073 -6788922
1697953 -11673022 -6788865
1698003 -11672971 -6788805
1698053 -11672917 -6788746
1698103 -11672865 -6788687
1698153 -11672815 -6788628
1698203 -11672761 -6788569
1698253 -11672706 -6788509
1698303 -11672663 -6788448
1698353 -11672615 -6788384
1698403 -11672563 -6788320
1698453 -11672515 -6788256
1698503 -11672462 -6788192
1698553 -11672405 -6788128
1698603 -11672357 -6788065
1698653 -11672309 -6788001
1698703 -11672258 -6787938
1698753 -11672211 -6787876
1698803 -11672163 -6787812
1698853 -11672107 -6787749
1698903 -11672055 -6787685
1698953 -11672007 -6787621
1699003 -11671959 -6787558
1699053 -11671919 -6787498
1699103 -11671915 -6787495
1699153 -11671905 -6787495
1699203 -11671892 -6787495
1699253 -11671881 -6787496
1699303 -11671879 -6787496
1699353 -11671880 -6787497
1699403 -11671880 -6787498
1699453 -11671880 -6787498
1699503 -11671880 -6787498
1699553 -11671880 -6787498
1699603 -11671880 -6787498
1699653 -11671880 -6787498
1699703 -11671880 -6787498
1699753 -11671880 -6787498
1699803 -11671880 -6787498
1699853 -11671880 -6787498
1699903 -11671880 -6787498
1699953 -11671880 -6787498
1700003 -11671880 -6787498
1700053 -11671880 -6787498
1700103 -11671880 -6787498
1700153 -11671880 -6787498
1700203 -11671880 -6787498
1700253 -11671880 -6787498
1700303 -11671880 -6787498
1700353 -11671880 -6787498
1700403 -11671880 -6787498
1700453 -11671880 -6787498
1700503 -11671880 -6787498
1700553 -11671880 -6787498
1700603 -11671880 -6787498
1700653 -11671880 -6787498
1700703 -11671880 -6787498
1700753 -11671880 -6787498
1700803 -11671880 -6787498
1700853 -11671880 -6787498
1700903 -11671880 -6787498
1700953 -11671880 -6787498
1701003 -11671880 -6787498
1701053 -11671880 -6787498
1701103 -11671880 -6787498
1701153 -11671880 -6787498
1701203 -11671880 -6787498
1701253 -11671880 -6787498
1701303 -11671880 -6787498
1701353 -11671880 -6787498
1701403 -11671880 -6787498
1701453 -11671880 -6787498
1701503 -11671880 -6787498
1701553 -11671880 -6787498
1701603 -11671880 -6787498
1701653 -11671880 -6787498
1701703 -11671880 -6787498
1701753 -11671880 -6787498
1701803 -11671880 -6787498
1701853 -11671880 -6787498
1701903 -11671880 -6787498
1701953 -11671880 -6787498
1702003 -11671880 -6787498
1702053 -11671880 -6787498
1702103 -11671880 -6787498
1702153 -11671880 -6787498
1702203 -11671880 -6787498
1702253 -11671880 -6787498
1702303 -11671880 -6787498
1702353 -11671880 -6787498
1702403 -11671880 -6787498
1702453 -11671880 -6787498
1702503 -11671880 -6787498
1702553 -11671880 -6787498
1702603 -11671880 -6787498
1702653 -11671880 -6787498
1702703 -11671880 -6787498
1702753 -11671880 -6787498
1702803 -11671880 -6787498
1702853 -11671880 -6787498
1702903 -11671880 -6787498
1702953 -11671880 -6787498
1703003 -11671880 -6787498
1703053 -11671880 -6787498
1703103 -11671880 -6787498
1703153 -11671880 -6787498
1703203 -11671880 -6787498
1703253 -11671880 -6787498
1703303 -11671880 -6787498
1703353 -11671880 -6787498
1703403 -11671880 -6787498
1703453 -11671880 -6787498
1703503 -11671880 -6787498
1703553 -11671880 -6787498
1703603 -11671880 -6787498
1703653 -11671880 -6787498
1703703 -11671880 -6787498
1703753 -11671880 -6787498
1703803 -11671880 -6787498
1703853 -11671880 -6787498
1703903 -11671880 -6787498
1703953 -11671880 -6787498
1704003 -11671880 -6787498
1704053 -11671880 -6787498
1704103 -11671880 -6787498
1704153 -11671880 -6787498
1704203 -11671880 -6787498
1704253 -11671880 -6787498
1704303 -11671880 -6787498
1704353 -11671880 -6787498
1704403 -11671880 -6787498
1704453 -11671880 -6787498
1704503 -11671880 -6787498
1704553 -11671880 -6787498
1704603 -11671880 -6787498
1704653 -11671880 -6787498
1704703 -11671880 -6787498
1704753 -11671880 -6787498
1704803 -11671880 -6787498
1704853 -11671880 -6787498
1704903 -11671880 -6787498
1704953 -11671880 -6787498
1705003 -11671880 -6787498
1705053 -11671880 -6787498
1705103 -11671880 -6787498
1705153 -11671880 -6787498
1705203 -11671880 -6787498
1705253 -11671880 -6787498
1705303 -11671880 -6787498
1705353 -11671880 -6787498
1705403 -11671880 -6787498
1705453 -11671880 -6787498
1705503 -11671880 -6787498
1705553 -11671880 -6787498
1705603 -11671880 -6787498
1705653 -11671880 -6787498
1705703 -11671875 -6787498
1705753 -11671797 -6787498
1705803 -11671746 -6787498
1705853 -11671721 -6787495
1705903 -11671691 -6787472
1705953 -11671654 -6787439
1706003 -11671614 -6787404
1706053 -11671569 -6787364
1706103 -11671519 -6787317
1706153 -11671467 -6787270
1706203 -11671415 -6787226
1706253 -11671357 -6787182
1706303 -11671295 -6787132
1706353 -11671232 -6787086
1706403 -11671172 -6787036
1706453 -11671107 -6786981
1706503 -11671042 -6786933
1706553 -11670977 -6786886
1706603 -11670915 -6786833
1706653 -11670858 -6786779
1706703 -11670794 -6786733
1706753 -11670736 -6786689
1706803 -11670674 -6786647
1706853 -11670611 -6786600
1706903 -11670552 -6786557
1706953 -11670496 -6786505
1707003 -11670440 -6786457
1707053 -11670417 -6786431
1707103 -11670417 -6786416
1707153 -11670417 -6786409
1707203 -11670417 -6786409
1707253 -11670417 -6786410
1707303 -11670420 -6786411
1707353 -11670420 -6786411
1707403 -11670420 -6786411
1707453 -11670420 -6786411
1707503 -11670420 -6786411
1707553 -11670420 -6786411
1707603 -11670420 -6786411
1707653 -11670420 -6786411
1707703 -11670420 -6786411
1707753 -11670420 -6786411
1707803 -11670420 -6786411
1707853 -11670420 -6786411
1707903 -11670420 -6786411
1707953 -11670420 -6786411
1708003 -11670420 -6786411
1708053 -11670420 -6786411
1708103 -11670420 -6786411
1708153 -11670420 -6786411
1708203 -11670420 -6786411
1708253 -11670420 -6786411
1708303 -11670420 -6786411
1708353 -11670420 -6786411
1708403 -11670420 -6786411
1708453 -11670420 -6786411
1708503 -11670420 -6786411
1708553 -11670420 -6786411
1708603 -11670420 -6786411
1708653 -11670420 -6786411
1708703 -11670420 -6786411
1708753 -11670420 -6786411
1708803 -11670420 -6786411
1708853 -11670420 -6786411
1708903 -11670420 -6786411
1708953 -11670420 -6786411
1709003 -11670420 -6786411
1709053 -11670420 -6786411
1709103 -11670420 -6786411
1709153 -11670420 -6786411
1709203 -11670420 -6786411
1709253 -11670420 -6786411
1709303 -11670420 -6786411
1709353 -11670420 -6786411
1709403 -11670420 -6786411
1709453 -11670420 -6786411
1709503 -11670420 -6786411
1709553 -11670420 -6786411
1709603 -11670420 -6786411
1709653 -11670420 -6786411
1709703 -11670420 -6786411
1709753 -11670420 -6786411
1709803 -11670420 -6786411
1709853 -11670420 -6786411
