1873411 -11574271 -6659786
1873461 -11574271 -6659786
1873511 -11574271 -6659786
1873561 -11574271 -6659786
1873611 -11574271 -6659786
1873661 -11574271 -6659786
1873711 -11574271 -6659786
1873761 -11574271 -6659786
1873811 -11574271 -6659786
1873861 -11574271 -6659786
1873911 -11574271 -6659786
1873961 -11574271 -6659786
1874011 -11574271 -6659786
1874061 -11574271 -6659786
1874111 -11574271 -6659786
1874161 -11574271 -6659786
1874211 -11574271 -6659786
1874261 -11574271 -6659786
1874311 -11574271 -6659786
1874361 -11574271 -6659786
1874411 -11574271 -6659786
1874461 -11574271 -6659786
1874511 -11574271 -6659786
1874561 -11574271 -6659786
1874611 -11574271 -6659786
1874661 -11574271 -6659786
1874711 -11574271 -6659786
1874761 -11574271 -6659786
1874811 -11574271 -6659786
1874861 -11574271 -6659786
1874911 -11574271 -6659786
1874961 -11574271 -6659786
1875011 -11574271 -6659786
1875061 -11574271 -6659786
1875111 -11574271 -6659786
1875161 -11574271 -6659786
1875211 -11574271 -6659786
1875261 -11574271 -6659786
1875311 -11574271 -6659786
1875361 -11574271 -6659786
1875411 -11574271 -6659786
1875461 -11574271 -6659786
1875511 -11574271 -6659786
1875561 -11574271 -6659786
1875611 -11574271 -6659786
1875661 -11574271 -6659786
1875711 -11574271 -6659786
1875761 -11574271 -6659786
1875811 -11574271 -6659786
1875861 -11574271 -6659786
1875911 -11574271 -6659786
1875961 -11574271 -6659786
1876011 -11574271 -6659786
1876061 -11574271 -6659786
1876111 -11574271 -6659786
1876161 -11574271 -6659786
1876211 -11574271 -6659786
1876261 -11574271 -6659786
1876311 -11574271 -6659786
1876361 -11574271 -6659786
1876411 -11574271 -6659786
1876461 -11574271 -6659786
1876511 -11574271 -6659786
1876561 -11574271 -6659786
1876611 -11574271 -6659786
1876661 -11574271 -6659786
1876711 -11574271 -6659786
1876761 -11574271 -6659786
1876811 -11574271 -6659786
1876861 -11574271 -6659786
1876911 -11574271 -6659786
1876961 -11574271 -6659786
1877011 -11574271 -6659786
1877061 -11574271 -6659786
1877111 -11574271 -6659786
1877161 -11574271 -6659786
1877211 -11574271 -6659786
1877261 -11574271 -6659786
1877311 -11574271 -6659786
1877361 -11574271 -6659786
1877411 -11574271 -6659786
1877461 -11574271 -6659786
1877511 -11574271 -6659786
1877561 -11574271 -6659786
1877611 -11574271 -6659786
1877661 -11574271 -6659786
1877711 -11574271 -6659786
1877761 -11574271 -6659786
1877811 -11574271 -6659786
1877861 -11574271 -6659786
1877911 -11574271 -6659786
1877961 -11574271 -6659786
1878011 -11574271 -6659786
1878061 -11574271 -6659786
1878111 -11574271 -6659786
1878161 -11574271 -6659786
1878211 -11574271 -6659786
1878261 -11574271 -6659786
1878311 -11574271 -6659786
1878361 -11574271 -6659786
1878411 -11574271 -6659786
1878461 -11574271 -6659786
1878511 -11574271 -6659786
1878561 -11574271 -6659786
1878611 -11574271 -6659786
1878661 -11574271 -6659786
1878711 -11574271 -6659786
1878761 -11574271 -6659786
1878811 -11574271 -6659786
1878861 -11574271 -6659786
1878911 -11574271 -6659786
1878961 -11574271 -6659786
1879011 -11574271 -6659786
1879061 -11574271 -6659786
1879111 -11574271 -6659786
1879161 -11574271 -6659786
1879211 -11574271 -6659786
1879261 -11574271 -6659786
1879311 -11574271 -6659786
1879361 -11574271 -6659786
1879411 -11574271 -6659786
1879461 -11574271 -6659786
1879511 -11574271 -6659786
1879561 -11574271 -6659786
1879611 -11574271 -6659786
1879661 -11574271 -6659786
1879711 -11574271 -6659786
1879761 -11574271 -6659786
1879811 -11574271 -6659786
1879861 -11574255 -6659785
1879911 -11574181 -6659783
1879961 -11574145 -6659793
1880011 -11574119 -6659797
1880061 -11574089 -6659760
1880111 -11574053 -6659729
1880161 -11574017 -6659696
1880211 -11573977 -6659661
1880261 -11573933 -6659623
1880311 -11573887 -6659579
1880361 -11573836 -6659531
1880411 -11573784 -6659482
1880461 -11573725 -6659435
1880511 -11573666 -6659387
1880561 -11573606 -6659343
1880611 -11573544 -6659293
1880661 -11573476 -6659245
1880711 -11573406 -6659185
1880761 -11573332 -6659125
1880811 -11573266 -6659056
1880861 -11573194 -6658996
1880911 -11573124 -6658925
1880961 -11573054 -6658856
1881011 -11572972 -6658784
1881061 -11572906 -6658710
1881111 -11572830 -6658626
1881161 -11572754 -6658547
1881211 -11572688 -6658463
1881261 -11572613 -6658379
1881311 -11572534 -6658296
1881361 -11572458 -6658212
1881411 -11572382 -6658128
1881461 -11572306 -6658046
1881511 -11572231 -6657961
1881561 -11572152 -6657880
1881611 -11572068 -6657796
1881661 -11571983 -6657711
1881711 -11571903 -6657626
1881761 -11571822 -6657538
1881811 -11571746 -6657452
1881861 -11571663 -6657368
1881911 -11571586 -6657278
1881961 -11571514 -6657192
1882011 -11571438 -6657106
1882061 -11571354 -6657020
1882111 -11571280 -6656928
1882161 -11571203 -6656840
1882211 -11571127 -6656752
1882261 -11571048 -6656664
1882311 -11570976 -6656576
1882361 -11570900 -6656491
1882411 -11570826 -6656404
1882461 -11570744 -6656316
1882511 -11570671 -6656227
1882561 -11570594 -6656136
1882611 -11570515 -6656044
1882661 -11570435 -6655954
1882711 -11570367 -6655864
1882761 -11570283 -6655776
1882811 -11570210 -6655688
1882861 -11570133 -6655601
1882911 -11570054 -6655512
1882961 -11569970 -6655422
1883011 -11569889 -6655331
1883061 -11569814 -6655242
1883111 -11569737 -6655156
1883161 -11569658 -6655067
1883211 -11569580 -6654980
1883261 -11569501 -6654893
1883311 -11569424 -6654810
1883361 -11569338 -6654721
1883411 -11569252 -6654632
1883461 -11569170 -6654551
1883511 -11569098 -6654465
1883561 -11569014 -6654376
1883611 -11568934 -6654288
1883661 -11568852 -6654200
1883711 -11568782 -6654112
1883761 -11568694 -6654025
1883811 -11568614 -6653937
1883861 -11568544 -6653841
1883911 -11568473 -6653745
1883961 -11568404 -6653653
1884011 -11568333 -6653562
1884061 -11568262 -6653473
1884111 -11568188 -6653383
1884161 -11568112 -6653295
1884211 -11568044 -6653205
1884261 -11567973 -6653115
1884311 -11567898 -6653025
1884361 -11567825 -6652935
1884411 -11567750 -6652845
1884461 -11567684 -6652754
1884511 -11567614 -6652663
1884561 -11567538 -6652572
1884611 -11567468 -6652482
1884661 -11567390 -6652393
1884711 -11567320 -6652303
1884761 -11567252 -6652211
1884811 -11567178 -6652119
1884861 -11567108 -6652029
1884911 -11567034 -6651939
1884961 -11566960 -6651848
1885011 -11566897 -6651758
1885061 -11566824 -6651667
1885111 -11566753 -6651577
1885161 -11566678 -6651486
1885211 -11566604 -6651395
1885261 -11566538 -6651305
1885311 -11566466 -6651214
1885361 -11566392 -6651122
1885411 -11566320 -6651031
1885461 -11566245 -6650941
1885511 -11566178 -6650850
1885561 -11566106 -6650759
1885611 -11566034 -6650667
1885661 -11565960 -6650577
1885711 -11565886 -6650485
1885761 -11565820 -6650394
1885811 -11565746 -6650302
1885861 -11565674 -6650213
1885911 -11565600 -6650123
1885961 -11565528 -6650033
1886011 -11565460 -6649942
1886061 -11565384 -6649851
1886111 -11565310 -6649760
1886161 -11565233 -6649669
1886211 -11565162 -6649578
1886261 -11565096 -6649486
1886311 -11565020 -6649394
1886361 -11564950 -6649303
1886411 -11564876 -6649212
1886461 -11564804 -6649122
1886511 -11564737 -6649030
1886561 -11564664 -6648937
1886611 -11564594 -6648845
1886661 -11564520 -6648755
1886711 -11564454 -6648664
1886761 -11564392 -6648573
1886811 -11564318 -6648482
1886861 -11564248 -6648392
1886911 -11564174 -6648301
1886961 -11564100 -6648209
1887011 -11564032 -6648118
1887061 -11563962 -6648026
1887111 -11563890 -6647935
1887161 -11563814 -6647843
1887211 -11563740 -6647753
1887261 -11563674 -6647663
1887311 -11563604 -6647573
1887361 -11563528 -6647481
1887411 -11563457 -6647389
1887461 -11563384 -6647298
1887511 -11563318 -6647206
1887561 -11563248 -6647115
1887611 -11563171 -6647025
1887661 -11563100 -6646935
1887711 -11563025 -6646845
1887761 -11562960 -6646755
1887811 -11562892 -6646664
1887861 -11562814 -6646573
1887911 -11562741 -6646483
1887961 -11562664 -6646392
1888011 -11562597 -6646302
1888061 -11562526 -6646211
1888111 -11562452 -6646120
1888161 -11562380 -6646029
1888211 -11562304 -6645938
1888261 -11562238 -6645848
1888311 -11562166 -6645757
1888361 -11562093 -6645664
1888411 -11562018 -6645573
1888461 -11561944 -6645484
1888511 -11561878 -6645395
1888561 -11561809 -6645305
1888611 -11561736 -6645215
1888661 -11561666 -6645125
1888711 -11561592 -6645034
1888761 -11561521 -6644943
1888811 -11561456 -6644853
1888861 -11561380 -6644761
1888911 -11561308 -6644670
1888961 -11561232 -6644579
1889011 -11561161 -6644489
1889061 -11561094 -6644399
1889111 -11561018 -6644307
1889161 -11560946 -6644215
1889211 -11560871 -6644123
1889261 -11560797 -6644031
1889311 -11560728 -6643939
1889361 -11560653 -6643848
1889411 -11560580 -6643757
1889461 -11560505 -6643667
1889511 -11560432 -6643578
1889561 -11560368 -6643487
1889611 -11560292 -6643397
1889661 -11560220 -6643307
1889711 -11560141 -6643216
1889761 -11560072 -6643125
1889811 -11559997 -6643034
1889861 -11559918 -6642943
1889911 -11559846 -6642852
1889961 -11559769 -6642761
1890011 -11559702 -6642670
1890061 -11559630 -6642581
1890111 -11559552 -6642490
1890161 -11559478 -6642398
1890211 -11559404 -6642307
1890261 -11559338 -6642218
1890311 -11559264 -6642127
1890361 -11559190 -6642037
1890411 -11559121 -6641946
1890461 -11559046 -6641856
1890511 -11558976 -6641765
1890561 -11558909 -6641674
1890611 -11558834 -6641583
1890661 -11558763 -6641493
1890711 -11558688 -6641402
1890761 -11558616 -6641311
1890811 -11558550 -6641221
1890861 -11558476 -6641131
1890911 -11558401 -6641040
1890961 -11558326 -6640949
1891011 -11558252 -6640857
1891061 -11558190 -6640767
1891111 -11558112 -6640677
1891161 -11558040 -6640585
1891211 -11557964 -6640494
1891261 -11557888 -6640405
1891311 -11557826 -6640317
1891361 -11557748 -6640227
1891411 -11557672 -6640136
1891461 -11557594 -6640045
1891511 -11557520 -6639954
1891561 -11557452 -6639863
1891611 -11557378 -6639774
1891661 -11557308 -6639683
1891711 -11557232 -6639593
1891761 -11557160 -6639502
1891811 -11557093 -6639411
1891861 -11557020 -6639322
1891911 -11556948 -6639231
1891961 -11556873 -6639139
1892011 -11556800 -6639049
1892061 -11556737 -6638958
1892111 -11556662 -6638869
1892161 -11556592 -6638779
1892211 -11556514 -6638688
1892261 -11556440 -6638597
1892311 -11556372 -6638506
1892361 -11556301 -6638415
1892411 -11556230 -6638324
1892461 -11556156 -6638234
1892511 -11556080 -6638143
1892561 -11556014 -6638052
1892611 -11555944 -6637962
1892661 -11555868 -6637872
1892711 -11555798 -6637782
1892761 -11555722 -6637691
1892811 -11555656 -6637601
1892861 -11555586 -6637511
1892911 -11555512 -6637420
1892961 -11555440 -6637329
1893011 -11555364 -6637237
1893061 -11555297 -6637148
1893111 -11555228 -6637059
1893161 -11555152 -6636969
1893211 -11555080 -6636879
1893261 -11555004 -6636789
1893311 -11554934 -6636698
1893361 -11554864 -6636608
1893411 -11554789 -6636518
1893461 -11554713 -6636426
1893511 -11554637 -6636335
1893561 -11554570 -6636245
1893611 -11554496 -6636154
1893661 -11554420 -6636064
1893711 -11554349 -6635974
1893761 -11554270 -6635882
1893811 -11554200 -6635791
1893861 -11554124 -6635701
1893911 -11554050 -6635611
1893961 -11553980 -6635520
1894011 -11553904 -6635429
1894061 -11553837 -6635338
1894111 -11553766 -6635247
1894161 -11553692 -6635155
1894211 -11553621 -6635065
1894261 -11553541 -6634974
1894311 -11553470 -6634883
1894361 -11553398 -6634792
1894411 -11553324 -6634702
1894461 -11553250 -6634611
1894511 -11553176 -6634521
1894561 -11553105 -6634430
1894611 -11553034 -6634339
1894661 -11552960 -6634251
1894711 -11552882 -6634159
1894761 -11552805 -6634067
1894811 -11552736 -6633976
1894861 -11552666 -6633886
1894911 -11552592 -6633798
1894961 -11552517 -6633709
1895011 -11552441 -6633618
1895061 -11552372 -6633528
1895111 -11552298 -6633437
1895161 -11552220 -6633347
1895211 -11552142 -6633258
1895261 -11552066 -6633167
1895311 -11551998 -6633075
1895361 -11551928 -6632985
1895411 -11551852 -6632894
1895461 -11551777 -6632805
1895511 -11551697 -6632714
1895561 -11551630 -6632622
1895611 -11551556 -6632532
1895661 -11551477 -6632442
1895711 -11551403 -6632353
1895761 -11551329 -6632263
1895811 -11551256 -6632173
1895861 -11551184 -6632082
1895911 -11551110 -6631991
1895961 -11551032 -6631900
1896011 -11550956 -6631810
1896061 -11550880 -6631719
1896111 -11550813 -6631629
1896161 -11550736 -6631539
1896211 -11550657 -6631449
1896261 -11550582 -6631359
1896311 -11550504 -6631269
1896361 -11550440 -6631178
1896411 -11550361 -6631088
1896461 -11550286 -6630999
1896511 -11550209 -6630909
1896561 -11550133 -6630817
1896611 -11550061 -6630726
1896661 -11549986 -6630637
1896711 -11549916 -6630548
1896761 -11549836 -6630458
1896811 -11549764 -6630367
1896861 -11549694 -6630277
1896911 -11549613 -6630186
1896961 -11549542 -6630096
1897011 -11549468 -6630006
1897061 -11549397 -6629915
1897111 -11549326 -6629825
1897161 -11549246 -6629733
1897211 -11549165 -6629642
1897261 -11549089 -6629551
1897311 -11549018 -6629461
1897361 -11548948 -6629370
1897411 -11548873 -6629280
1897461 -11548798 -6629190
1897511 -11548723 -6629100
1897561 -11548656 -6629009
1897611 -11548585 -6628918
1897661 -11548510 -6628827
1897711 -11548436 -6628735
1897761 -11548360 -6628645
1897811 -11548292 -6628554
1897861 -11548216 -6628463
1897911 -11548136 -6628372
1897961 -11548062 -6628282
1898011 -11547988 -6628191
1898061 -11547920 -6628101
1898111 -11547845 -6628011
1898161 -11547770 -6627920
1898211 -11547694 -6627829
1898261 -11547620 -6627740
1898311 -11547546 -6627650
1898361 -11547474 -6627557
1898411 -11547402 -6627466
1898461 -11547328 -6627377
1898511 -11547253 -6627287
1898561 -11547185 -6627197
1898611 -11547112 -6627107
1898661 -11547040 -6627016
1898711 -11546964 -6626926
1898761 -11546889 -6626837
1898811 -11546820 -6626747
1898861 -11546748 -6626657
1898911 -11546677 -6626566
1898961 -11546601 -6626475
1899011 -11546526 -6626385
1899061 -11546460 -6626295
1899111 -11546388 -6626204
1899161 -11546316 -6626114
1899211 -11546240 -6626023
1899261 -11546161 -6625934
1899311 -11546096 -6625844
1899361 -11546026 -6625755
1899411 -11545952 -6625665
1899461 -11545881 -6625575
1899511 -11545806 -6625484
1899561 -11545736 -6625393
1899611 -11545669 -6625303
1899661 -11545594 -6625212
1899711 -11545522 -6625122
1899761 -11545449 -6625032
1899811 -11545374 -6624943
1899861 -11545308 -6624854
1899911 -11545234 -6624763
1899961 -11545164 -6624673
1900011 -11545089 -6624583
1900061 -11545014 -6624494
1900111 -11544950 -6624404
1900161 -11544873 -6624311
1900211 -11544800 -6624222
1900261 -11544722 -6624132
1900311 -11544647 -6624043
1900361 -11544583 -6623954
1900411 -11544506 -6623863
1900461 -11544434 -6623772
1900511 -11544358 -6623682
1900561 -11544287 -6623592
1900611 -11544220 -6623503
1900661 -11544142 -6623412
1900711 -11544070 -6623321
1900761 -11543994 -6623230
1900811 -11543923 -6623140
1900861 -11543855 -6623050
1900911 -11543782 -6622959
1900961 -11543712 -6622870
1901011 -11543638 -6622779
1901061 -11543562 -6622690
1901111 -11543500 -6622599
1901161 -11543426 -6622510
1901211 -11543356 -6622418
1901261 -11543282 -6622327
1901311 -11543206 -6622236
1901361 -11543140 -6622146
1901411 -11543068 -6622055
1901461 -11542996 -6621964
1901511 -11542921 -6621873
1901561 -11542846 -6621782
1901611 -11542779 -6621692
1901661 -11542709 -6621602
1901711 -11542630 -6621511
1901761 -11542559 -6621420
1901811 -11542483 -6621330
1901861 -11542415 -6621240
1901911 -11542342 -6621150
1901961 -11542270 -6621058
1902011 -11542190 -6620967
1902061 -11542115 -6620878
1902111 -11542051 -6620788
1902161 -11541975 -6620698
1902211 -11541903 -6620608
1902261 -11541827 -6620517
1902311 -11541756 -6620427
1902361 -11541692 -6620342
1902411 -11541618 -6620255
1902461 -11541546 -6620166
1902511 -11541471 -6620075
1902561 -11541395 -6619983
1902611 -11541334 -6619891
1902661 -11541258 -6619799
1902711 -11541187 -6619708
1902761 -11541112 -6619617
1902811 -11541040 -6619526
1902861 -11540972 -6619435
1902911 -11540898 -6619344
1902961 -11540830 -6619256
1903011 -11540758 -6619167
1903061 -11540686 -6619078
1903111 -11540620 -6618988
1903161 -11540550 -6618898
1903211 -11540476 -6618808
1903261 -11540370 -6618754
1903311 -11540269 -6618708
1903361 -11540176 -6618654
1903411 -11540092 -6618606
1903461 -11539991 -6618558
1903511 -11539892 -6618504
1903561 -11539812 -6618442
1903611 -11539730 -6618379
1903661 -11539645 -6618312
1903711 -11539565 -6618245
1903761 -11539491 -6618183
1903811 -11539417 -6618124
1903861 -11539342 -6618073
1903911 -11539269 -6618017
1903961 -11539197 -6617960
1904011 -11539131 -6617898
1904061 -11539061 -6617842
1904111 -11538991 -6617786
1904161 -11538919 -6617733
1904211 -11538849 -6617672
1904261 -11538777 -6617613
1904311 -11538707 -6617562
1904361 -11538633 -6617506
1904411 -11538561 -6617444
1904461 -11538490 -6617391
1904511 -11538416 -6617335
1904561 -11538343 -6617278
1904611 -11538270 -6617216
1904661 -11538200 -6617145
1904711 -11538130 -6617085
1904761 -11538062 -6617029
1904811 -11537993 -6616966
1904861 -11537922 -6616906
1904911 -11537850 -6616846
1904961 -11537778 -6616785
1905011 -11537706 -6616727
1905061 -11537638 -6616662
1905111 -11537575 -6616595
1905161 -11537499 -6616534
1905211 -11537425 -6616477
1905261 -11537355 -6616419
1905311 -11537284 -6616359
1905361 -11537209 -6616297
1905411 -11537148 -6616225
1905461 -11537095 -6616151
1905511 -11537047 -6616082
1905561 -11537001 -6616014
1905611 -11536953 -6615951
1905661 -11536908 -6615890
1905711 -11536853 -6615827
1905761 -11536803 -6615764
1905811 -11536755 -6615700
1905861 -11536705 -6615636
1905911 -11536657 -6615572
1905961 -11536609 -6615509
1906011 -11536557 -6615445
1906061 -11536503 -6615382
1906111 -11536456 -6615319
1906161 -11536407 -6615255
1906211 -11536361 -6615192
1906261 -11536313 -6615129
1906311 -11536256 -6615065
1906361 -11536203 -6615001
1906411 -11536155 -6614937
1906461 -11536108 -6614875
1906511 -11536057 -6614813
1906561 -11536011 -6614750
1906611 -11535955 -6614688
1906661 -11535903 -6614625
1906711 -11535855 -6614563
1906761 -11535808 -6614500
1906811 -11535757 -6614437
1906861 -11535709 -6614374
1906911 -11535657 -6614310
1906961 -11535601 -6614245
1907011 -11535555 -6614181
1907061 -11535507 -6614117
1907111 -11535455 -6614055
1907161 -11535409 -6613992
1907211 -11535355 -6613931
1907261 -11535304 -6613867
1907311 -11535257 -6613805
1907361 -11535207 -6613743
1907411 -11535159 -6613679
1907461 -11535112 -6613616
1907511 -11535053 -6613553
1907561 -11535003 -6613490
1907611 -11534956 -6613427
1907661 -11534904 -6613363
1907711 -11534852 -6613299
1907761 -11534803 -6613235
1907811 -11534747 -6613170
1907861 -11534696 -6613107
1907911 -11534649 -6613044
1907961 -11534599 -6612980
1908011 -11534551 -6612917
1908061 -11534505 -6612854
1908111 -11534447 -6612791
1908161 -11534400 -6612727
1908211 -11534354 -6612665
1908261 -11534303 -6612602
1908311 -11534251 -6612539
1908361 -11534199 -6612475
1908411 -11534143 -6612411
1908461 -11534095 -6612347
1908511 -11534047 -6612283
1908561 -11533995 -6612220
1908611 -11533947 -6612157
1908661 -11533899 -6612093
1908711 -11533841 -6612029
1908761 -11533788 -6611967
1908811 -11533743 -6611904
1908861 -11533690 -6611840
1908911 -11533640 -6611776
1908961 -11533591 -6611713
1909011 -11533536 -6611650
1909061 -11533486 -6611588
1909111 -11533439 -6611526
1909161 -11533389 -6611464
1909211 -11533339 -6611402
1909261 -11533287 -6611339
1909311 -11533231 -6611277
1909361 -11533185 -6611216
1909411 -11533138 -6611153
1909461 -11533087 -6611090
1909511 -11533039 -6611026
1909561 -11532988 -6610962
1909611 -11532929 -6610899
1909661 -11532877 -6610836
1909711 -11532829 -6610772
1909761 -11532779 -6610710
1909811 -11532729 -6610648
1909861 -11532678 -6610585
1909911 -11532623 -6610523
1909961 -11532572 -6610460
1910011 -11532526 -6610397
1910061 -11532475 -6610334
1910111 -11532428 -6610271
1910161 -11532377 -6610208
1910211 -11532323 -6610145
1910261 -11532272 -6610082
1910311 -11532224 -6610017
1910361 -11532172 -6609953
1910411 -11532125 -6609890
1910461 -11532071 -6609827
1910511 -11532019 -6609764
1910561 -11531972 -6609701
1910611 -11531923 -6609638
1910661 -11531872 -6609575
1910711 -11531825 -6609512
1910761 -11531768 -6609449
1910811 -11531721 -6609387
1910861 -11531671 -6609324
1910911 -11531621 -6609262
1910961 -11531573 -6609199
1911011 -11531520 -6609135
1911061 -11531459 -6609071
1911111 -11531412 -6609007
1911161 -11531361 -6608944
1911211 -11531299 -6608917
1911261 -11531235 -6608803
1911311 -11531160 -6608708
1911361 -11531075 -6608610
1911411 -11530981 -6608502
1911461 -11530884 -6608390
1911511 -11530796 -6608278
1911561 -11530699 -6608165
1911611 -11530611 -6608053
1911661 -11530513 -6607942
1911711 -11530427 -6607830
1911761 -11530329 -6607715
1911811 -11530244 -6607601
1911861 -11530145 -6607488
1911911 -11530059 -6607374
1911961 -11529959 -6607261
1912011 -11529873 -6607147
1912061 -11529773 -6607032
1912111 -11529685 -6606915
1912161 -11529584 -6606799
1912211 -11529487 -6606681
1912261 -11529391 -6606565
1912311 -11529299 -6606450
1912361 -11529205 -6606335
1912411 -11529113 -6606221
1912461 -11529023 -6606109
1912511 -11528935 -6605997
1912561 -11528840 -6605885
1912611 -11528745 -6605771
1912661 -11528653 -6605656
1912711 -11528563 -6605542
1912761 -11528471 -6605428
1912811 -11528375 -6605310
1912861 -11528285 -6605193
1912911 -11528191 -6605079
1912961 -11528103 -6604965
1913011 -11528004 -6604850
1913061 -11527917 -6604738
1913111 -11527821 -6604624
1913161 -11527735 -6604509
1913211 -11527632 -6604393
1913261 -11527546 -6604278
1913311 -11527442 -6604165
1913361 -11527350 -6604051
1913411 -11527248 -6603937
1913461 -11527154 -6603821
1913511 -11527053 -6603704
1913561 -11526965 -6603588
1913611 -11526861 -6603471
1913661 -11526770 -6603353
1913711 -11526674 -6603237
1913761 -11526578 -6603119
1913811 -11526486 -6603003
1913861 -11526388 -6602889
1913911 -11526292 -6602773
1913961 -11526186 -6602658
1914011 -11526096 -6602540
1914061 -11525994 -6602423
1914111 -11525904 -6602306
1914161 -11525798 -6602191
1914211 -11525705 -6602072
1914261 -11525609 -6601955
1914311 -11525513 -6601840
1914361 -11525418 -6601725
1914411 -11525318 -6601609
1914461 -11525224 -6601493
1914511 -11525124 -6601378
1914561 -11525030 -6601261
1914611 -11524926 -6601143
1914661 -11524834 -6601029
1914711 -11524734 -6600913
1914761 -11524644 -6600799
1914811 -11524539 -6600686
1914861 -11524448 -6600570
1914911 -11524348 -6600454
1914961 -11524257 -6600340
1915011 -11524156 -6600223
1915061 -11524060 -6600105
1915111 -11523956 -6599990
1915161 -11523864 -6599873
1915211 -11523764 -6599757
1915261 -11523670 -6599642
1915311 -11523572 -6599527
1915361 -11523476 -6599413
1915411 -11523379 -6599297
1915461 -11523276 -6599182
1915511 -11523184 -6599067
1915561 -11523084 -6598954
1915611 -11522993 -6598837
1915661 -11522885 -6598720
1915711 -11522794 -6598605
1915761 -11522697 -6598492
1915811 -11522606 -6598378
1915861 -11522504 -6598265
1915911 -11522413 -6598152
1915961 -11522310 -6598038
1916011 -11522220 -6597923
1916061 -11522114 -6597810
1916111 -11522016 -6597698
1916161 -11521916 -6597584
1916211 -11521829 -6597473
1916261 -11521729 -6597361
1916311 -11521632 -6597246
1916361 -11521529 -6597132
1916411 -11521438 -6597019
1916461 -11521336 -6596902
1916511 -11521242 -6596788
1916561 -11521136 -6596673
1916611 -11521042 -6596558
1916661 -11520944 -6596445
1916711 -11520851 -6596332
1916761 -11520749 -6596219
1916811 -11520654 -6596105
1916861 -11520550 -6595989
1916911 -11520456 -6595875
1916961 -11520352 -6595760
1917011 -11520258 -6595647
1917061 -11520152 -6595529
1917111 -11520058 -6595413
1917161 -11519953 -6595300
1917211 -11519858 -6595185
1917261 -11519754 -6595072
1917311 -11519658 -6594959
1917361 -11519554 -6594844
1917411 -11519456 -6594730
1917461 -11519356 -6594614
1917511 -11519257 -6594500
1917561 -11519161 -6594385
1917611 -11519064 -6594271
1917661 -11518970 -6594157
1917711 -11518869 -6594041
1917761 -11518768 -6593923
1917811 -11518668 -6593807
1917861 -11518573 -6593689
1917911 -11518464 -6593571
1917961 -11518372 -6593454
1918011 -11518264 -6593337
1918061 -11518172 -6593221
1918111 -11518070 -6593106
1918161 -11517978 -6592990
1918211 -11517874 -6592876
1918261 -11517780 -6592759
1918311 -11517676 -6592644
1918361 -11517582 -6592529
1918411 -11517486 -6592414
1918461 -11517377 -6592295
1918511 -11517281 -6592177
1918561 -11517174 -6592063
1918611 -11517078 -6591949
1918661 -11516974 -6591833
1918711 -11516874 -6591718
1918761 -11516769 -6591603
1918811 -11516676 -6591486
1918861 -11516568 -6591369
1918911 -11516476 -6591253
1918961 -11516374 -6591135
1919011 -11516270 -6591019
1919061 -11516166 -6590903
1919111 -11516060 -6590785
1919161 -11515958 -6590667
1919211 -11515852 -6590550
1919261 -11515757 -6590431
1919311 -11515652 -6590313
1919361 -11515554 -6590195
1919411 -11515445 -6590078
1919461 -11515345 -6589961
1919511 -11515242 -6589845
1919561 -11515144 -6589729
1919611 -11515038 -6589614
1919661 -11514936 -6589497
1919711 -11514832 -6589380
1919761 -11514730 -6589263
1919811 -11514631 -6589148
1919861 -11514521 -6589029
1919911 -11514422 -6588911
1919961 -11514314 -6588795
1920011 -11514218 -6588679
1920061 -11514114 -6588565
1920111 -11514018 -6588450
1920161 -11513917 -6588335
1920211 -11513820 -6588218
1920261 -11513724 -6588103
1920311 -11513624 -6587987
1920361 -11513524 -6587872
1920411 -11513427 -6587758
1920461 -11513332 -6587643
1920511 -11513232 -6587527
1920561 -11513140 -6587410
1920611 -11513030 -6587295
1920661 -11512941 -6587177
1920711 -11512833 -6587061
1920761 -11512742 -6586945
1920811 -11512638 -6586828
1920861 -11512544 -6586712
1920911 -11512442 -6586597
1920961 -11512346 -6586481
1921011 -11512240 -6586365
1921061 -11512146 -6586248
1921111 -11512044 -6586131
1921161 -11511946 -6586014
1921211 -11511848 -6585899
1921261 -11511752 -6585780
1921311 -11511661 -6585663
1921361 -11511562 -6585549
1921411 -11511472 -6585434
1921461 -11511376 -6585319
1921511 -11511288 -6585206
1921561 -11511192 -6585091
1921611 -11511104 -6584976
1921661 -11511008 -6584859
1921711 -11510917 -6584745
1921761 -11510814 -6584630
1921811 -11510729 -6584518
1921861 -11510632 -6584405
1921911 -11510540 -6584290
1921961 -11510445 -6584174
1922011 -11510353 -6584059
1922061 -11510260 -6583943
1922111 -11510173 -6583827
1922161 -11510082 -6583711
1922211 -11509992 -6583595
1922261 -11509897 -6583479
1922311 -11509808 -6583365
1922361 -11509712 -6583250
1922411 -11509613 -6583136
1922461 -11509520 -6583020
1922511 -11509425 -6582905
1922561 -11509336 -6582789
1922611 -11509240 -6582675
1922661 -11509148 -6582558
1922711 -11509049 -6582440
1922761 -11508961 -6582325
1922811 -11508866 -6582212
1922861 -11508778 -6582097
1922911 -11508680 -6581983
1922961 -11508597 -6581869
1923011 -11508501 -6581754
1923061 -11508414 -6581640
1923111 -11508320 -6581525
1923161 -11508236 -6581410
1923211 -11508146 -6581296
1923261 -11508057 -6581183
1923311 -11507966 -6581068
1923361 -11507880 -6580952
1923411 -11507788 -6580840
1923461 -11507699 -6580724
1923511 -11507606 -6580607
1923561 -11507516 -6580492
1923611 -11507424 -6580375
1923661 -11507332 -6580259
1923711 -11507250 -6580143
1923761 -11507151 -6580027
1923811 -11507064 -6579913
1923861 -11506966 -6579798
1923911 -11506878 -6579682
1923961 -11506780 -6579565
1924011 -11506694 -6579450
1924061 -11506594 -6579334
1924111 -11506506 -6579215
1924161 -11506413 -6579100
1924211 -11506325 -6578988
1924261 -11506231 -6578872
1924311 -11506133 -6578755
1924361 -11506040 -6578640
1924411 -11505944 -6578524
1924461 -11505856 -6578408
1924511 -11505762 -6578294
1924561 -11505678 -6578182
1924611 -11505584 -6578070
1924661 -11505500 -6577959
1924711 -11505410 -6577845
1924761 -11505318 -6577730
1924811 -11505217 -6577608
1924861 -11505123 -6577486
1924911 -11505025 -6577362
1924961 -11504936 -6577242
1925011 -11504844 -6577125
1925061 -11504752 -6577008
1925111 -11504660 -6576891
1925161 -11504569 -6576775
1925211 -11504476 -6576677
1925261 -11504338 -6576616
1925311 -11504213 -6576562
1925361 -11504096 -6576513
1925411 -11503962 -6576436
1925461 -11503844 -6576357
1925511 -11503734 -6576281
1925561 -11503652 -6576210
1925611 -11503564 -6576139
1925661 -11503480 -6576077
1925711 -11503400 -6576009
1925761 -11503325 -6575949
1925811 -11503246 -6575894
1925861 -11503166 -6575831
1925911 -11503093 -6575764
1925961 -11503020 -6575703
1926011 -11502940 -6575645
1926061 -11502865 -6575578
1926111 -11502791 -6575503
1926161 -11502711 -6575438
1926211 -11502633 -6575383
1926261 -11502559 -6575329
1926311 -11502485 -6575264
1926361 -11502414 -6575199
1926411 -11502336 -6575144
1926461 -11502259 -6575081
1926511 -11502182 -6575025
1926561 -11502103 -6574963
1926611 -11502028 -6574896
1926661 -11501950 -6574825
1926711 -11501872 -6574771
1926761 -11501799 -6574702
1926811 -11501726 -6574636
1926861 -11501650 -6574580
1926911 -11501572 -6574525
1926961 -11501494 -6574466
1927011 -11501416 -6574409
1927061 -11501339 -6574350
1927111 -11501260 -6574290
1927161 -11501183 -6574227
1927211 -11501108 -6574164
1927261 -11501030 -6574101
1927311 -11500951 -6574034
1927361 -11500879 -6573977
1927411 -11500798 -6573932
1927461 -11500723 -6573873
1927511 -11500647 -6573812
1927561 -11500574 -6573750
1927611 -11500498 -6573689
1927661 -11500426 -6573624
1927711 -11500348 -6573567
1927761 -11500278 -6573508
1927811 -11500204 -6573451
1927861 -11500134 -6573382
1927911 -11500058 -6573332
1927961 -11499981 -6573268
1928011 -11499904 -6573209
1928061 -11499830 -6573147
1928111 -11499750 -6573086
1928161 -11499674 -6573016
1928211 -11499599 -6572950
1928261 -11499523 -6572888
1928311 -11499448 -6572828
1928361 -11499373 -6572759
1928411 -11499299 -6572698
1928461 -11499219 -6572635
1928511 -11499137 -6572574
1928561 -11499056 -6572513
1928611 -11498976 -6572453
1928661 -11498899 -6572390
1928711 -11498820 -6572328
1928761 -11498750 -6572266
1928811 -11498672 -6572204
1928861 -11498600 -6572143
1928911 -11498528 -6572086
1928961 -11498451 -6572023
1929011 -11498373 -6571954
1929061 -11498294 -6571885
1929111 -11498214 -6571825
1929161 -11498134 -6571763
1929211 -11498057 -6571695
1929261 -11497979 -6571628
1929311 -11497899 -6571564
1929361 -11497821 -6571498
1929411 -11497745 -6571436
1929461 -11497670 -6571373
1929511 -11497593 -6571312
1929561 -11497515 -6571246
1929611 -11497435 -6571182
1929661 -11497360 -6571118
1929711 -11497287 -6571055
1929761 -11497208 -6570995
1929811 -11497132 -6570932
1929861 -11497060 -6570877
1929911 -11496982 -6570822
1929961 -11496905 -6570756
1930011 -11496825 -6570693
1930061 -11496751 -6570636
1930111 -11496675 -6570583
1930161 -11496597 -6570529
1930211 -11496518 -6570472
1930261 -11496452 -6570408
1930311 -11496380 -6570344
1930361 -11496302 -6570283
1930411 -11496232 -6570227
1930461 -11496160 -6570175
1930511 -11496080 -6570108
1930561 -11496005 -6570039
1930611 -11495924 -6569971
1930661 -11495842 -6569913
1930711 -11495762 -6569852
1930761 -11495684 -6569789
1930811 -11495608 -6569733
1930861 -11495534 -6569674
1930911 -11495457 -6569616
1930961 -11495378 -6569557
1931011 -11495303 -6569499
1931061 -11495224 -6569428
1931111 -11495147 -6569361
1931161 -11495071 -6569302
1931211 -11494991 -6569230
1931261 -11494909 -6569164
1931311 -11494831 -6569101
1931361 -11494758 -6569040
1931411 -11494685 -6568980
1931461 -11494605 -6568914
1931511 -11494525 -6568858
1931561 -11494443 -6568790
1931611 -11494361 -6568726
1931661 -11494288 -6568658
1931711 -11494219 -6568591
1931761 -11494147 -6568531
1931811 -11494070 -6568471
1931861 -11493995 -6568411
1931911 -11493917 -6568346
1931961 -11493844 -6568290
1932011 -11493765 -6568225
1932061 -11493685 -6568162
1932111 -11493619 -6568107
1932161 -11493540 -6568048
1932211 -11493469 -6567989
1932261 -11493401 -6567920
1932311 -11493323 -6567858
1932361 -11493248 -6567789
1932411 -11493172 -6567736
1932461 -11493094 -6567676
1932511 -11493020 -6567612
1932561 -11492948 -6567552
1932611 -11492868 -6567486
1932661 -11492786 -6567416
1932711 -11492705 -6567354
1932761 -11492625 -6567284
1932811 -11492547 -6567225
1932861 -11492477 -6567162
1932911 -11492405 -6567107
1932961 -11492332 -6567047
1933011 -11492255 -6566981
1933061 -11492178 -6566922
1933111 -11492101 -6566868
1933161 -11492025 -6566811
1933211 -11491945 -6566750
1933261 -11491867 -6566686
1933311 -11491791 -6566622
1933361 -11491709 -6566564
1933411 -11491640 -6566503
1933461 -11491572 -6566435
1933511 -11491493 -6566375
1933561 -11491414 -6566316
1933611 -11491334 -6566254
1933661 -11491255 -6566191
1933711 -11491179 -6566127
1933761 -11491105 -6566062
1933811 -11491032 -6566008
1933861 -11490960 -6565953
1933911 -11490886 -6565885
1933961 -11490823 -6565825
1934011 -11490749 -6565768
1934061 -11490668 -6565709
1934111 -11490592 -6565643
1934161 -11490512 -6565584
1934211 -11490434 -6565524
1934261 -11490360 -6565457
1934311 -11490290 -6565395
1934361 -11490211 -6565332
1934411 -11490144 -6565271
1934461 -11490071 -6565213
1934511 -11490002 -6565150
1934561 -11489927 -6565085
1934611 -11489855 -6565021
1934661 -11489781 -6564961
1934711 -11489707 -6564901
1934761 -11489627 -6564836
1934811 -11489551 -6564764
1934861 -11489475 -6564702
1934911 -11489402 -6564640
1934961 -11489331 -6564586
1935011 -11489257 -6564519
1935061 -11489185 -6564465
1935111 -11489109 -6564404
1935161 -11489037 -6564342
1935211 -11488966 -6564277
1935261 -11488894 -6564213
1935311 -11488816 -6564156
1935361 -11488736 -6564093
1935411 -11488656 -6564036
1935461 -11488579 -6563976
1935511 -11488505 -6563912
1935561 -11488426 -6563843
1935611 -11488351 -6563780
1935661 -11488270 -6563723
1935711 -11488191 -6563658
1935761 -11488110 -6563595
1935811 -11488033 -6563529
1935861 -11487955 -6563464
1935911 -11487879 -6563400
1935961 -11487801 -6563352
1936011 -11487728 -6563288
1936061 -11487650 -6563232
1936111 -11487583 -6563178
1936161 -11487509 -6563116
1936211 -11487441 -6563055
1936261 -11487367 -6562992
1936311 -11487291 -6562932
1936361 -11487212 -6562868
1936411 -11487140 -6562815
1936461 -11487063 -6562754
1936511 -11486990 -6562691
1936561 -11486920 -6562623
1936611 -11486841 -6562561
1936661 -11486766 -6562504
1936711 -11486688 -6562444
1936761 -11486608 -6562393
1936811 -11486530 -6562339
1936861 -11486454 -6562273
1936911 -11486382 -6562222
1936961 -11486314 -6562157
1937011 -11486237 -6562095
1937061 -11486160 -6562034
1937111 -11486086 -6561971
1937161 -11486006 -6561899
1937211 -11485931 -6561839
1937261 -11485856 -6561772
1937311 -11485785 -6561711
1937361 -11485707 -6561645
1937411 -11485625 -6561590
1937461 -11485548 -6561530
1937511 -11485469 -6561469
1937561 -11485396 -6561411
1937611 -11485324 -6561348
1937661 -11485248 -6561293
1937711 -11485170 -6561224
1937761 -11485099 -6561161
1937811 -11485013 -6561096
1937861 -11484936 -6561041
1937911 -11484857 -6560981
1937961 -11484782 -6560912
1938011 -11484708 -6560846
1938061 -11484633 -6560795
1938111 -11484560 -6560742
1938161 -11484488 -6560680
1938211 -11484417 -6560619
1938261 -11484337 -6560558
1938311 -11484259 -6560491
1938361 -11484183 -6560428
1938411 -11484107 -6560370
1938461 -11484036 -6560306
1938511 -11483962 -6560251
1938561 -11483890 -6560194
1938611 -11483817 -6560137
1938661 -11483739 -6560069
1938711 -11483665 -6560006
1938761 -11483590 -6559945
1938811 -11483510 -6559884
1938861 -11483432 -6559824
1938911 -11483352 -6559758
1938961 -11483275 -6559696
1939011 -11483198 -6559636
1939061 -11483119 -6559580
1939111 -11483044 -6559517
1939161 -11482970 -6559451
1939211 -11482891 -6559393
1939261 -11482816 -6559334
1939311 -11482741 -6559276
1939361 -11482665 -6559220
1939411 -11482595 -6559157
1939461 -11482514 -6559092
1939511 -11482435 -6559032
1939561 -11482360 -6558968
1939611 -11482283 -6558904
1939661 -11482208 -6558838
1939711 -11482132 -6558774
1939761 -11482053 -6558717
1939811 -11481983 -6558646
1939861 -11481906 -6558577
1939911 -11481833 -6558516
1939961 -11481759 -6558452
1940011 -11481685 -6558389
1940061 -11481609 -6558323
1940111 -11481530 -6558269
1940161 -11481460 -6558203
1940211 -11481383 -6558140
1940261 -11481306 -6558076
1940311 -11481237 -6558019
1940361 -11481161 -6557953
1940411 -11481086 -6557891
1940461 -11481015 -6557830
1940511 -11480941 -6557763
1940561 -11480865 -6557699
1940611 -11480789 -6557642
1940661 -11480716 -6557578
1940711 -11480639 -6557513
1940761 -11480561 -6557466
1940811 -11480483 -6557414
1940861 -11480403 -6557355
1940911 -11480324 -6557300
1940961 -11480245 -6557238
1941011 -11480169 -6557175
1941061 -11480089 -6557113
1941111 -11480015 -6557055
1941161 -11479938 -6556988
1941211 -11479863 -6556922
1941261 -11479785 -6556853
1941311 -11479711 -6556790
1941361 -11479632 -6556728
1941411 -11479553 -6556662
1941461 -11479475 -6556606
1941511 -11479396 -6556547
1941561 -11479316 -6556484
1941611 -11479235 -6556432
1941661 -11479155 -6556370
1941711 -11479078 -6556311
1941761 -11479008 -6556255
1941811 -11478931 -6556201
1941861 -11478852 -6556135
1941911 -11478770 -6556084
1941961 -11478691 -6556022
1942011 -11478614 -6555958
1942061 -11478536 -6555901
1942111 -11478460 -6555837
1942161 -11478385 -6555774
1942211 -11478314 -6555715
1942261 -11478236 -6555652
1942311 -11478157 -6555589
1942361 -11478080 -6555525
1942411 -11478006 -6555470
1942461 -11477932 -6555403
1942511 -11477858 -6555336
1942561 -11477781 -6555273
1942611 -11477706 -6555209
1942661 -11477632 -6555150
1942711 -11477559 -6555086
1942761 -11477484 -6555023
1942811 -11477410 -6554961
1942861 -11477335 -6554902
1942911 -11477261 -6554839
1942961 -11477187 -6554771
1943011 -11477105 -6554715
1943061 -11477023 -6554648
1943111 -11476946 -6554587
1943161 -11476872 -6554525
1943211 -11476797 -6554462
1943261 -11476717 -6554393
1943311 -11476638 -6554339
1943361 -11476564 -6554275
1943411 -11476490 -6554212
1943461 -11476411 -6554159
1943511 -11476331 -6554099
1943561 -11476251 -6554041
1943611 -11476177 -6553980
1943661 -11476099 -6553912
1943711 -11476020 -6553856
1943761 -11475941 -6553793
1943811 -11475865 -6553731
1943861 -11475789 -6553674
1943911 -11475706 -6553614
1943961 -11475623 -6553556
1944011 -11475544 -6553496
1944061 -11475465 -6553430
1944111 -11475386 -6553366
1944161 -11475309 -6553300
1944211 -11475236 -6553242
1944261 -11475163 -6553173
1944311 -11475086 -6553114
1944361 -11475011 -6553056
1944411 -11474933 -6552996
1944461 -11474861 -6552933
1944511 -11474781 -6552873
1944561 -11474706 -6552818
1944611 -11474636 -6552758
1944661 -11474563 -6552694
1944711 -11474496 -6552626
1944761 -11474433 -6552560
1944811 -11474361 -6552489
1944861 -11474281 -6552420
1944911 -11474212 -6552353
1944961 -11474137 -6552290
1945011 -11474065 -6552218
1945061 -11473985 -6552141
1945111 -11473906 -6552061
1945161 -11473827 -6551985
1945211 -11473751 -6551905
1945261 -11473667 -6551831
1945311 -11473586 -6551747
1945361 -11473510 -6551664
1945411 -11473434 -6551584
1945461 -11473365 -6551504
1945511 -11473289 -6551423
1945561 -11473208 -6551332
1945611 -11473129 -6551243
1945661 -11473047 -6551158
1945711 -11472975 -6551072
1945761 -11472889 -6550984
1945811 -11472811 -6550901
1945861 -11472738 -6550812
1945911 -11472661 -6550722
1945961 -11472587 -6550635
1946011 -11472506 -6550546
1946061 -11472438 -6550458
1946111 -11472363 -6550373
1946161 -11472282 -6550287
1946211 -11472201 -6550202
1946261 -11472123 -6550117
1946311 -11472057 -6550030
1946361 -11471983 -6549944
1946411 -11471907 -6549858
1946461 -11471825 -6549771
1946511 -11471753 -6549683
1946561 -11471677 -6549597
1946611 -11471597 -6549513
1946661 -11471525 -6549434
1946711 -11471447 -6549352
1946761 -11471371 -6549265
1946811 -11471292 -6549177
1946861 -11471217 -6549088
1946911 -11471139 -6549006
1946961 -11471059 -6548923
1947011 -11470987 -6548838
1947061 -11470910 -6548753
1947111 -11470829 -6548668
1947161 -11470741 -6548580
1947211 -11470671 -6548496
1947261 -11470588 -6548407
1947311 -11470513 -6548320
1947361 -11470433 -6548230
1947411 -11470356 -6548141
1947461 -11470276 -6548051
1947511 -11470196 -6547963
1947561 -11470120 -6547875
1947611 -11470051 -6547785
1947661 -11469971 -6547695
1947711 -11469892 -6547606
1947761 -11469811 -6547517
1947811 -11469743 -6547428
1947861 -11469665 -6547341
1947911 -11469578 -6547281
1947961 -11469502 -6547209
1948011 -11469428 -6547143
1948061 -11469358 -6547081
1948111 -11469286 -6547027
1948161 -11469217 -6546970
1948211 -11469142 -6546912
1948261 -11469072 -6546852
1948311 -11469007 -6546792
1948361 -11468931 -6546737
1948411 -11468859 -6546684
1948461 -11468785 -6546621
1948511 -11468713 -6546558
1948561 -11468636 -6546499
1948611 -11468566 -6546440
1948661 -11468492 -6546383
1948711 -11468418 -6546324
1948761 -11468347 -6546263
1948811 -11468276 -6546203
1948861 -11468204 -6546141
1948911 -11468132 -6546086
1948961 -11468057 -6546029
1949011 -11467982 -6545970
1949061 -11467910 -6545911
1949111 -11467836 -6545852
1949161 -11467761 -6545801
1949211 -11467693 -6545746
1949261 -11467615 -6545692
1949311 -11467538 -6545622
1949361 -11467460 -6545563
1949411 -11467392 -6545498
1949461 -11467322 -6545439
1949511 -11467255 -6545381
1949561 -11467186 -6545337
1949611 -11467109 -6545275
1949661 -11467032 -6545217
1949711 -11466959 -6545157
1949761 -11466884 -6545089
1949811 -11466821 -6545031
1949861 -11466753 -6544971
1949911 -11466677 -6544930
1949961 -11466612 -6544881
1950011 -11466539 -6544824
1950061 -11466472 -6544758
1950111 -11466395 -6544698
1950161 -11466321 -6544640
1950211 -11466241 -6544584
1950261 -11466165 -6544534
1950311 -11466096 -6544480
1950361 -11466026 -6544420
1950411 -11465954 -6544368
1950461 -11465882 -6544304
1950511 -11465812 -6544259
1950561 -11465747 -6544200
1950611 -11465679 -6544138
1950661 -11465607 -6544073
1950711 -11465538 -6544020
1950761 -11465464 -6543956
1950811 -11465393 -6543900
1950861 -11465319 -6543848
1950911 -11465250 -6543780
1950961 -11465180 -6543720
1951011 -11465109 -6543681
1951061 -11465035 -6543619
1951111 -11464963 -6543563
1951161 -11464888 -6543496
1951211 -11464814 -6543434
1951261 -11464750 -6543376
1951311 -11464674 -6543309
1951361 -11464596 -6543256
1951411 -11464519 -6543200
1951461 -11464447 -6543139
1951511 -11464374 -6543083
1951561 -11464310 -6543031
1951611 -11464233 -6542979
1951661 -11464162 -6542929
1951711 -11464088 -6542867
1951761 -11464014 -6542798
1951811 -11463939 -6542735
1951861 -11463895 -6542617
1951911 -11463874 -6542466
1951961 -11463850 -6542334
1952011 -11463808 -6542220
1952061 -11463752 -6542110
1952111 -11463688 -6541998
1952161 -11463628 -6541882
1952211 -11463566 -6541766
1952261 -11463508 -6541649
1952311 -11463450 -6541532
1952361 -11463380 -6541416
1952411 -11463321 -6541301
1952461 -11463261 -6541185
1952511 -11463200 -6541066
1952561 -11463140 -6540948
1952611 -11463086 -6540831
1952661 -11463030 -6540712
1952711 -11462974 -6540594
1952761 -11462918 -6540475
1952811 -11462871 -6540358
1952861 -11462820 -6540240
1952911 -11462776 -6540122
1952961 -11462724 -6540005
1953011 -11462667 -6539887
1953061 -11462608 -6539770
1953111 -11462554 -6539652
1953161 -11462498 -6539535
1953211 -11462442 -6539420
1953261 -11462384 -6539301
1953311 -11462330 -6539182
1953361 -11462278 -6539064
1953411 -11462224 -6538947
1953461 -11462167 -6538829
1953511 -11462118 -6538712
1953561 -11462058 -6538595
1953611 -11462008 -6538476
1953661 -11461951 -6538356
1953711 -11461904 -6538237
1953761 -11461836 -6538124
1953811 -11461771 -6538008
1953861 -11461710 -6537891
1953911 -11461654 -6537771
1953961 -11461603 -6537648
1954011 -11461548 -6537529
1954061 -11461490 -6537412
1954111 -11461434 -6537293
1954161 -11461370 -6537176
1954211 -11461310 -6537059
1954261 -11461249 -6536941
1954311 -11461191 -6536819
1954361 -11461136 -6536701
1954411 -11461078 -6536585
1954461 -11461014 -6536470
1954511 -11460959 -6536352
1954561 -11460911 -6536234
1954611 -11460852 -6536116
1954661 -11460803 -6535997
1954711 -11460747 -6535880
1954761 -11460691 -6535764
1954811 -11460631 -6535647
1954861 -11460575 -6535530
1954911 -11460515 -6535413
1954961 -11460456 -6535294
1955011 -11460394 -6535177
1955061 -11460334 -6535057
1955111 -11460278 -6534938
1955161 -11460222 -6534820
1955211 -11460171 -6534701
1955261 -11460116 -6534582
1955311 -11460060 -6534462
1955361 -11460002 -6534342
1955411 -11459946 -6534224
1955461 -11459894 -6534104
1955511 -11459842 -6533984
1955561 -11459783 -6533864
1955611 -11459720 -6533745
1955661 -11459660 -6533626
1955711 -11459604 -6533508
1955761 -11459546 -6533390
1955811 -11459482 -6533274
1955861 -11459431 -6533161
1955911 -11459410 -6533153
1955961 -11459399 -6533153
1956011 -11459383 -6533152
1956061 -11459374 -6533153
1956111 -11459372 -6533153
1956161 -11459372 -6533154
1956211 -11459372 -6533154
1956261 -11459372 -6533154
1956311 -11459372 -6533154
1956361 -11459372 -6533154
1956411 -11459372 -6533154
1956461 -11459372 -6533154
1956511 -11459372 -6533154
1956561 -11459372 -6533154
1956611 -11459372 -6533154
1956661 -11459372 -6533154
1956711 -11459372 -6533154
1956761 -11459372 -6533154
1956811 -11459372 -6533154
1956861 -11459372 -6533154
1956911 -11459372 -6533154
1956961 -11459372 -6533154
1957011 -11459372 -6533154
1957061 -11459372 -6533154
1957111 -11459372 -6533154
1957161 -11459372 -6533154
1957211 -11459372 -6533154
1957261 -11459372 -6533154
1957311 -11459372 -6533154
1957361 -11459372 -6533154
1957411 -11459372 -6533154
1957461 -11459372 -6533154
1957511 -11459372 -6533154
1957561 -11459372 -6533154
1957611 -11459372 -6533154
1957661 -11459372 -6533154
1957711 -11459372 -6533154
1957761 -11459372 -6533154
1957811 -11459372 -6533154
1957861 -11459372 -6533154
1957911 -11459372 -6533154
1957961 -11459372 -6533154
1958011 -11459372 -6533154
1958061 -11459372 -6533154
1958111 -11459372 -6533154
1958161 -11459372 -6533154
1958211 -11459372 -6533154
1958261 -11459372 -6533154
1958311 -11459372 -6533154
1958361 -11459372 -6533154
1958411 -11459372 -6533154
1958461 -11459372 -6533154
1958511 -11459372 -6533154
1958561 -11459372 -6533154
1958611 -11459372 -6533154
1958661 -11459372 -6533154
1958711 -11459372 -6533154
1958761 -11459372 -6533154
1958811 -11459372 -6533154
1958861 -11459372 -6533154
1958911 -11459372 -6533154
1958961 -11459372 -6533154
1959011 -11459372 -6533154
1959061 -11459374 -6533155
1959111 -11459418 -6533214
1959161 -11459461 -6533274
1959211 -11459503 -6533328
1959261 -11459558 -6533380
1959311 -11459616 -6533439
1959361 -11459678 -6533502
1959411 -11459739 -6533565
1959461 -11459803 -6533629
1959511 -11459866 -6533692
1959561 -11459930 -6533756
1959611 -11459994 -6533820
1959661 -11460058 -6533884
1959711 -11460122 -6533949
1959761 -11460185 -6534014
1959811 -11460248 -6534078
1959861 -11460311 -6534142
1959911 -11460374 -6534205
1959961 -11460438 -6534269
1960011 -11460502 -6534334
1960061 -11460566 -6534398
1960111 -11460630 -6534462
1960161 -11460692 -6534527
1960211 -11460756 -6534592
1960261 -11460820 -6534657
1960311 -11460884 -6534722
1960361 -11460948 -6534786
1960411 -11461012 -6534849
1960461 -11461075 -6534913
1960511 -11461139 -6534976
1960561 -11461202 -6535038
1960611 -11461265 -6535101
1960661 -11461329 -6535165
1960711 -11461394 -6535230
1960761 -11461459 -6535294
1960811 -11461523 -6535358
1960861 -11461587 -6535422
1960911 -11461651 -6535485
1960961 -11461715 -6535549
1961011 -11461780 -6535614
1961061 -11461844 -6535678
1961111 -11461909 -6535742
1961161 -11461975 -6535806
1961211 -11462040 -6535870
1961261 -11462106 -6535935
1961311 -11462170 -6536000
1961361 -11462234 -6536064
1961411 -11462298 -6536126
1961461 -11462363 -6536190
1961511 -11462428 -6536254
1961561 -11462492 -6536317
1961611 -11462556 -6536381
1961661 -11462622 -6536447
1961711 -11462686 -6536512
1961761 -11462752 -6536577
1961811 -11462818 -6536642
1961861 -11462882 -6536706
1961911 -11462946 -6536770
1961961 -11463011 -6536834
1962011 -11463075 -6536897
1962061 -11463139 -6536961
1962111 -11463203 -6537025
1962161 -11463268 -6537089
1962211 -11463332 -6537153
1962261 -11463397 -6537218
1962311 -11463462 -6537283
1962361 -11463526 -6537347
1962411 -11463589 -6537410
1962461 -11463652 -6537474
1962511 -11463716 -6537538
1962561 -11463780 -6537601
1962611 -11463844 -6537664
1962661 -11463908 -6537728
1962711 -11463971 -6537792
1962761 -11464035 -6537856
1962811 -11464099 -6537920
1962861 -11464158 -6538166
1962911 -11464170 -6538093
1962961 -11464182 -6538021
1963011 -11464207 -6538007
1963061 -11464208 -6537915
1963111 -11464209 -6537814
1963161 -11464178 -6537719
1963211 -11464118 -6537601
1963261 -11464057 -6537485
1963311 -11464002 -6537368
1963361 -11463947 -6537250
1963411 -11463889 -6537132
1963461 -11463834 -6537012
1963511 -11463783 -6536894
1963561 -11463731 -6536776
1963611 -11463674 -6536657
1963661 -11463610 -6536541
1963711 -11463555 -6536423
1963761 -11463503 -6536303
1963811 -11463449 -6536185
1963861 -11463401 -6536067
1963911 -11463347 -6535948
1963961 -11463283 -6535831
1964011 -11463222 -6535715
1964061 -11463167 -6535598
1964111 -11463113 -6535479
1964161 -11463051 -6535361
1964211 -11462995 -6535243
1964261 -11462937 -6535125
1964311 -11462874 -6535007
1964361 -11462823 -6534889
1964411 -11462754 -6534771
1964461 -11462690 -6534653
1964511 -11462634 -6534536
1964561 -11462574 -6534418
1964611 -11462515 -6534301
1964661 -11462451 -6534184
1964711 -11462393 -6534067
1964761 -11462339 -6533949
1964811 -11462279 -6533831
1964861 -11462227 -6533712
1964911 -11462175 -6533595
1964961 -11462133 -6533509
1965011 -11462117 -6533507
1965061 -11462105 -6533507
1965111 -11462090 -6533505
1965161 -11462087 -6533507
1965211 -11462086 -6533507
1965261 -11462086 -6533507
1965311 -11462086 -6533507
1965361 -11462086 -6533507
1965411 -11462086 -6533507
1965461 -11462086 -6533507
1965511 -11462086 -6533507
1965561 -11462086 -6533507
1965611 -11462086 -6533507
1965661 -11462086 -6533507
1965711 -11462086 -6533507
1965761 -11462086 -6533507
1965811 -11462086 -6533507
1965861 -11462086 -6533507
1965911 -11462086 -6533507
1965961 -11462086 -6533507
1966011 -11462086 -6533507
1966061 -11462086 -6533507
1966111 -11462086 -6533507
1966161 -11462086 -6533507
1966211 -11462086 -6533507
1966261 -11462086 -6533507
1966311 -11462086 -6533507
1966361 -11462086 -6533507
1966411 -11462086 -6533507
1966461 -11462086 -6533507
1966511 -11462086 -6533507
1966561 -11462086 -6533507
1966611 -11462086 -6533507
1966661 -11462086 -6533507
1966711 -11462086 -6533507
1966761 -11462086 -6533507
1966811 -11462086 -6533507
1966861 -11462086 -6533507
1966911 -11462086 -6533507
1966961 -11462086 -6533507
1967011 -11462086 -6533507
1967061 -11462086 -6533507
1967111 -11462086 -6533507
1967161 -11462086 -6533507
1967211 -11462086 -6533507
1967261 -11462086 -6533507
1967311 -11462086 -6533507
1967361 -11462086 -6533507
1967411 -11462086 -6533507
1967461 -11462086 -6533507
1967511 -11462086 -6533507
1967561 -11462086 -6533507
1967611 -11462086 -6533507
1967661 -11462086 -6533507
1967711 -11462086 -6533507
1967761 -11462086 -6533507
1967811 -11462086 -6533507
1967861 -11462086 -6533507
1967911 -11462086 -6533507
1967961 -11462086 -6533507
1968011 -11462086 -6533507
1968061 -11462086 -6533507
1968111 -11462086 -6533507
1968161 -11462086 -6533507
1968211 -11462086 -6533507
1968261 -11462086 -6533507
1968311 -11462086 -6533507
1968361 -11462086 -6533507
1968411 -11462086 -6533507
1968461 -11462086 -6533507
1968511 -11462077 -6533507
1968561 -11461999 -6533507
1968611 -11461950 -6533507
1968661 -11461923 -6533506
1968711 -11461895 -6533499
1968761 -11461861 -6533471
1968811 -11461827 -6533440
1968861 -11461793 -6533403
1968911 -11461751 -6533363
1968961 -11461705 -6533323
1969011 -11461655 -6533279
1969061 -11461601 -6533232
1969111 -11461545 -6533183
1969161 -11461489 -6533132
1969211 -11461433 -6533085
1969261 -11461373 -6533032
1969311 -11461305 -6532983
1969361 -11461239 -6532934
1969411 -11461168 -6532875
1969461 -11461101 -6532818
1969511 -11461030 -6532766
1969561 -11460956 -6532703
1969611 -11460880 -6532656
1969661 -11460812 -6532602
1969711 -11460738 -6532542
1969761 -11460658 -6532490
1969811 -11460587 -6532437
1969861 -11460513 -6532389
1969911 -11460444 -6532327
1969961 -11460378 -6532277
1970011 -11460304 -6532221
1970061 -11460226 -6532161
1970111 -11460153 -6532102
1970161 -11460080 -6532048
1970211 -11460005 -6531985
1970261 -11459934 -6531920
1970311 -11459867 -6531863
1970361 -11459796 -6531804
1970411 -11459728 -6531752
1970461 -11459659 -6531689
1970511 -11459589 -6531632
1970561 -11459517 -6531584
1970611 -11459451 -6531533
1970661 -11459376 -6531473
1970711 -11459306 -6531424
1970761 -11459238 -6531379
1970811 -11459162 -6531319
1970861 -11459084 -6531257
1970911 -11459016 -6531195
1970961 -11458940 -6531151
1971011 -11458871 -6531089
1971061 -11458795 -6531033
1971111 -11458727 -6530971
1971161 -11458659 -6530911
1971211 -11458591 -6530857
1971261 -11458521 -6530799
1971311 -11458452 -6530737
1971361 -11458384 -6530690
1971411 -11458309 -6530640
1971461 -11458231 -6530588
1971511 -11458156 -6530528
1971561 -11458080 -6530482
1971611 -11458011 -6530430
1971661 -11457935 -6530374
1971711 -11457862 -6530308
1971761 -11457788 -6530249
1971811 -11457708 -6530198
1971861 -11457638 -6530132
1971911 -11457574 -6530080
1971961 -11457505 -6530028
1972011 -11457431 -6529977
1972061 -11457352 -6529912
1972111 -11457288 -6529841
1972161 -11457216 -6529791
1972211 -11457149 -6529733
1972261 -11457085 -6529669
1972311 -11457010 -6529610
1972361 -11456938 -6529565
1972411 -11456863 -6529502
1972461 -11456785 -6529448
1972511 -11456715 -6529383
1972561 -11456643 -6529323
1972611 -11456575 -6529264
1972661 -11456509 -6529199
1972711 -11456435 -6529134
1972761 -11456366 -6529077
1972811 -11456294 -6529024
1972861 -11456222 -6528965
1972911 -11456149 -6528916
1972961 -11456076 -6528866
1973011 -11456008 -6528814
1973061 -11455934 -6528751
1973111 -11455858 -6528692
1973161 -11455788 -6528634
1973211 -11455714 -6528585
1973261 -11455641 -6528532
1973311 -11455565 -6528471
1973361 -11455493 -6528423
1973411 -11455421 -6528365
1973461 -11455347 -6528310
1973511 -11455273 -6528255
1973561 -11455205 -6528193
1973611 -11455137 -6528129
1973661 -11455062 -6528077
1973711 -11454990 -6528014
1973761 -11454918 -6527955
1973811 -11454844 -6527898
1973861 -11454771 -6527838
1973911 -11454697 -6527783
1973961 -11454628 -6527720
1974011 -11454549 -6527664
1974061 -11454475 -6527606
1974111 -11454400 -6527545
1974161 -11454326 -6527480
1974211 -11454257 -6527417
1974261 -11454195 -6527353
1974311 -11454117 -6527293
1974361 -11454049 -6527233
1974411 -11453976 -6527171
1974461 -11453905 -6527120
1974511 -11453835 -6527064
1974561 -11453759 -6527003
1974611 -11453680 -6526938
1974661 -11453606 -6526882
1974711 -11453531 -6526830
1974761 -11453464 -6526770
1974811 -11453391 -6526714
1974861 -11453315 -6526655
1974911 -11453250 -6526594
1974961 -11453177 -6526538
1975011 -11453107 -6526477
1975061 -11453044 -6526425
1975111 -11452967 -6526358
1975161 -11452897 -6526295
1975211 -11452826 -6526234
1975261 -11452749 -6526176
1975311 -11452677 -6526121
1975361 -11452609 -6526062
1975411 -11452535 -6526006
1975461 -11452463 -6525948
1975511 -11452389 -6525888
1975561 -11452330 -6525836
1975611 -11452259 -6525778
1975661 -11452192 -6525715
1975711 -11452126 -6525659
1975761 -11452054 -6525606
1975811 -11451980 -6525552
1975861 -11451914 -6525496
1975911 -11451841 -6525434
1975961 -11451765 -6525372
1976011 -11451689 -6525320
1976061 -11451617 -6525254
1976111 -11451548 -6525192
1976161 -11451475 -6525132
1976211 -11451402 -6525074
1976261 -11451324 -6525016
1976311 -11451249 -6524962
1976361 -11451180 -6524900
1976411 -11451114 -6524837
1976461 -11451040 -6524788
1976511 -11450977 -6524727
1976561 -11450899 -6524663
1976611 -11450827 -6524602
1976661 -11450756 -6524548
1976711 -11450683 -6524495
1976761 -11450611 -6524440
1976811 -11450542 -6524379
1976861 -11450471 -6524321
1976911 -11450403 -6524273
1976961 -11450334 -6524216
1977011 -11450263 -6524156
1977061 -11450186 -6524101
1977111 -11450114 -6524040
1977161 -11450043 -6523987
1977211 -11449970 -6523940
1977261 -11449894 -6523878
1977311 -11449824 -6523824
1977361 -11449745 -6523764
1977411 -11449665 -6523714
1977461 -11449590 -6523652
1977511 -11449514 -6523582
1977561 -11449442 -6523524
1977611 -11449370 -6523461
1977661 -11449301 -6523402
1977711 -11449225 -6523342
1977761 -11449149 -6523279
1977811 -11449071 -6523226
1977861 -11449004 -6523170
1977911 -11448935 -6523113
1977961 -11448862 -6523056
1978011 -11448786 -6522995
1978061 -11448710 -6522934
1978111 -11448634 -6522875
1978161 -11448562 -6522816
1978211 -11448486 -6522761
1978261 -11448408 -6522699
1978311 -11448334 -6522648
1978361 -11448265 -6522597
1978411 -11448188 -6522538
1978461 -11448118 -6522482
1978511 -11448043 -6522434
1978561 -11447967 -6522367
1978611 -11447896 -6522306
1978661 -11447823 -6522253
1978711 -11447750 -6522193
1978761 -11447672 -6522136
1978811 -11447603 -6522089
1978861 -11447529 -6522024
1978911 -11447456 -6521968
1978961 -11447382 -6521902
1979011 -11447308 -6521848
1979061 -11447234 -6521792
1979111 -11447164 -6521747
1979161 -11447090 -6521688
1979211 -11447018 -6521630
1979261 -11446941 -6521561
1979311 -11446867 -6521512
1979361 -11446793 -6521467
1979411 -11446721 -6521414
1979461 -11446647 -6521348
1979511 -11446573 -6521284
1979561 -11446498 -6521224
1979611 -11446425 -6521162
1979661 -11446359 -6521104
1979711 -11446281 -6521054
1979761 -11446207 -6520997
1979811 -11446131 -6520939
1979861 -11446054 -6520882
1979911 -11445985 -6520824
1979961 -11445909 -6520756
1980011 -11445841 -6520704
1980061 -11445768 -6520637
1980111 -11445703 -6520585
1980161 -11445631 -6520526
1980211 -11445557 -6520466
1980261 -11445488 -6520403
1980311 -11445411 -6520349
1980361 -11445340 -6520288
1980411 -11445271 -6520231
1980461 -11445197 -6520171
1980511 -11445123 -6520115
1980561 -11445047 -6520055
1980611 -11444981 -6520001
1980661 -11444909 -6519936
1980711 -11444835 -6519875
1980761 -11444761 -6519819
1980811 -11444695 -6519758
1980861 -11444622 -6519705
1980911 -11444548 -6519650
1980961 -11444479 -6519592
1981011 -11444407 -6519534
1981061 -11444344 -6519478
1981111 -11444272 -6519424
1981161 -11444196 -6519370
1981211 -11444130 -6519317
1981261 -11444063 -6519260
1981311 -11443995 -6519199
1981361 -11443925 -6519135
1981411 -11443853 -6519071
1981461 -11443786 -6519007
1981511 -11443716 -6518947
1981561 -11443644 -6518890
1981611 -11443568 -6518830
1981661 -11443493 -6518775
1981711 -11443417 -6518719
1981761 -11443341 -6518659
1981811 -11443271 -6518595
1981861 -11443204 -6518531
1981911 -11443131 -6518470
1981961 -11443061 -6518408
1982011 -11442991 -6518356
1982061 -11442913 -6518302
1982111 -11442843 -6518248
1982161 -11442774 -6518152
1982211 -11442707 -6518038
1982261 -11442626 -6517924
1982311 -11442545 -6517814
1982361 -11442466 -6517700
1982411 -11442382 -6517588
1982461 -11442293 -6517472
1982511 -11442209 -6517355
1982561 -11442113 -6517240
1982611 -11442029 -6517125
1982661 -11441937 -6517012
1982711 -11441849 -6516898
1982761 -11441751 -6516783
1982811 -11441663 -6516667
1982861 -11441559 -6516549
1982911 -11441469 -6516432
1982961 -11441377 -6516316
1983011 -11441289 -6516197
1983061 -11441193 -6516079
1983111 -11441101 -6515962
1983161 -11441011 -6515845
1983211 -11440913 -6515726
1983261 -11440821 -6515607
1983311 -11440721 -6515488
1983361 -11440631 -6515369
1983411 -11440541 -6515250
1983461 -11440451 -6515130
1983511 -11440357 -6515012
1983561 -11440265 -6514893
1983611 -11440174 -6514774
1983661 -11440075 -6514655
1983711 -11439983 -6514536
1983761 -11439886 -6514420
1983811 -11439797 -6514300
1983861 -11439705 -6514182
1983911 -11439609 -6514067
1983961 -11439517 -6513948
1984011 -11439421 -6513832
1984061 -11439335 -6513715
1984111 -11439237 -6513598
1984161 -11439147 -6513483
1984211 -11439050 -6513366
1984261 -11438962 -6513249
1984311 -11438867 -6513135
1984361 -11438777 -6513020
1984411 -11438685 -6512904
1984461 -11438589 -6512790
1984511 -11438497 -6512674
1984561 -11438407 -6512559
1984611 -11438319 -6512443
1984661 -11438221 -6512326
1984711 -11438131 -6512208
1984761 -11438037 -6512092
1984811 -11437949 -6511976
1984861 -11437853 -6511860
1984911 -11437765 -6511744
1984961 -11437669 -6511628
1985011 -11437577 -6511512
1985061 -11437474 -6511394
1985111 -11437385 -6511276
1985161 -11437291 -6511160
1985211 -11437196 -6511042
1985261 -11437103 -6510924
1985311 -11437002 -6510808
1985361 -11436890 -6510763
1985411 -11436752 -6510643
1985461 -11436607 -6510523
1985511 -11436467 -6510369
1985561 -11436332 -6510201
1985611 -11436192 -6510033
1985661 -11436061 -6509864
1985711 -11435921 -6509692
1985761 -11435779 -6509519
1985811 -11435640 -6509347
1985861 -11435505 -6509174
1985911 -11435362 -6509001
1985961 -11435221 -6508829
1986011 -11435093 -6508656
1986061 -11434952 -6508484
1986111 -11434809 -6508311
1986161 -11434671 -6508138
1986211 -11434539 -6507967
1986261 -11434391 -6507794
1986311 -11434248 -6507623
1986361 -11434119 -6507452
1986411 -11433979 -6507280
1986461 -11433838 -6507110
1986511 -11433699 -6506938
1986561 -11433567 -6506767
1986611 -11433427 -6506596
1986661 -11433281 -6506424
1986711 -11433149 -6506252
1986761 -11433012 -6506080
1986811 -11432869 -6505906
1986861 -11432727 -6505733
1986911 -11432599 -6505560
1986961 -11432461 -6505386
1987011 -11432316 -6505215
1987061 -11432181 -6505043
1987111 -11432045 -6504871
1987161 -11431907 -6504699
1987211 -11431775 -6504526
1987261 -11431643 -6504356
1987311 -11431505 -6504183
1987361 -11431367 -6504011
1987411 -11431237 -6503840
1987461 -11431099 -6503669
1987511 -11430963 -6503500
1987561 -11430823 -6503328
1987611 -11430693 -6503156
1987661 -11430560 -6502982
1987711 -11430419 -6502810
1987761 -11430284 -6502636
1987811 -11430147 -6502465
1987861 -11430012 -6502295
1987911 -11429872 -6502123
1987961 -11429743 -6501951
1988011 -11429603 -6501778
1988061 -11429465 -6501606
1988111 -11429327 -6501435
1988161 -11429191 -6501262
1988211 -11429053 -6501093
1988261 -11428912 -6500921
1988311 -11428781 -6500747
1988361 -11428635 -6500576
1988411 -11428496 -6500405
1988461 -11428363 -6500235
1988511 -11428227 -6500062
1988561 -11428089 -6499889
1988611 -11427947 -6499715
1988661 -11427813 -6499542
1988711 -11427672 -6499367
1988761 -11427527 -6499195
1988811 -11427395 -6499021
1988861 -11427255 -6498849
1988911 -11427113 -6498675
1988961 -11426972 -6498502
1989011 -11426840 -6498330
1989061 -11426689 -6498157
1989111 -11426537 -6497985
1989161 -11426401 -6497816
1989211 -11426259 -6497642
1989261 -11426109 -6497470
1989311 -11425959 -6497300
1989361 -11425821 -6497129
1989411 -11425673 -6496959
1989461 -11425524 -6496786
1989511 -11425381 -6496613
1989561 -11425231 -6496439
1989611 -11425079 -6496265
1989661 -11424929 -6496089
1989711 -11424785 -6495916
1989761 -11424631 -6495741
1989811 -11424478 -6495568
1989861 -11424335 -6495395
1989911 -11424184 -6495221
1989961 -11424031 -6495048
1990011 -11423879 -6494874
1990061 -11423729 -6494701
1990111 -11423547 -6494523
1990161 -11423349 -6494325
1990211 -11423141 -6494120
1990261 -11422923 -6493904
1990311 -11422708 -6493685
1990361 -11422508 -6493462
1990411 -11422321 -6493233
1990461 -11422129 -6493005
1990511 -11421943 -6492777
1990561 -11421755 -6492548
1990611 -11421563 -6492320
1990661 -11421380 -6492090
1990711 -11421185 -6491861
1990761 -11420991 -6491636
1990811 -11420811 -6491409
1990861 -11420619 -6491183
1990911 -11420432 -6490954
1990961 -11420247 -6490728
1991011 -11420055 -6490505
1991061 -11419867 -6490278
1991111 -11419680 -6490048
1991161 -11419489 -6489819
1991211 -11419303 -6489591
1991261 -11419121 -6489362
1991311 -11418941 -6489133
1991361 -11418759 -6488905
1991411 -11418572 -6488675
1991461 -11418386 -6488449
1991511 -11418211 -6488220
1991561 -11418031 -6487995
1991611 -11417849 -6487770
1991661 -11417666 -6487542
1991711 -11417485 -6487318
1991761 -11417301 -6487092
1991811 -11417115 -6486863
1991861 -11416931 -6486633
1991911 -11416745 -6486405
1991961 -11416559 -6486176
1992011 -11416378 -6485946
1992061 -11416193 -6485718
1992111 -11416006 -6485491
1992161 -11415824 -6485263
1992211 -11415640 -6485035
1992261 -11415458 -6484810
1992311 -11415271 -6484582
1992361 -11415091 -6484354
1992411 -11414911 -6484129
1992461 -11414726 -6483903
1992511 -11414545 -6483673
1992561 -11414361 -6483443
1992611 -11414175 -6483216
1992661 -11413989 -6482988
1992711 -11413803 -6482758
1992761 -11413622 -6482529
1992811 -11413439 -6482298
1992861 -11413257 -6482070
1992911 -11413071 -6481843
1992961 -11412875 -6481617
1993011 -11412689 -6481389
1993061 -11412503 -6481158
1993111 -11412314 -6480932
1993161 -11412125 -6480707
1993211 -11411941 -6480484
1993261 -11411757 -6480254
1993311 -11411573 -6480025
1993361 -11411378 -6479796
1993411 -11411191 -6479567
1993461 -11411007 -6479339
1993511 -11410819 -6479109
1993561 -11410625 -6478880
1993611 -11410438 -6478652
1993661 -11410253 -6478426
1993711 -11410063 -6478200
1993761 -11409867 -6477970
1993811 -11409677 -6477743
1993861 -11409490 -6477519
1993911 -11409289 -6477291
1993961 -11409089 -6477060
1994011 -11408895 -6476832
1994061 -11408694 -6476604
1994111 -11408493 -6476375
1994161 -11408289 -6476146
1994211 -11408086 -6475918
1994261 -11407885 -6475692
1994311 -11407681 -6475465
1994361 -11407487 -6475238
1994411 -11407309 -6475035
1994461 -11407159 -6474842
1994511 -11406990 -6474650
1994561 -11406829 -6474460
1994611 -11406671 -6474279
1994661 -11406527 -6474099
1994711 -11406373 -6473919
1994761 -11406217 -6473743
1994811 -11406075 -6473572
1994861 -11405926 -6473401
1994911 -11405777 -6473230
1994961 -11405641 -6473058
1995011 -11405495 -6472888
1995061 -11405350 -6472715
1995111 -11405210 -6472542
1995161 -11405073 -6472369
1995211 -11404933 -6472197
1995261 -11404793 -6472024
1995311 -11404649 -6471853
1995361 -11404506 -6471679
1995411 -11404362 -6471506
1995461 -11404221 -6471336
1995511 -11404089 -6471166
1995561 -11403947 -6470995
1995611 -11403801 -6470822
1995661 -11403667 -6470650
1995711 -11403523 -6470476
1995761 -11403385 -6470307
1995811 -11403245 -6470135
1995861 -11403110 -6469960
1995911 -11402977 -6469787
1995961 -11402834 -6469612
1996011 -11402703 -6469438
1996061 -11402560 -6469266
1996111 -11402424 -6469092
1996161 -11402290 -6468919
1996211 -11402154 -6468747
1996261 -11402016 -6468575
1996311 -11401874 -6468401
1996361 -11401738 -6468228
1996411 -11401598 -6468058
1996461 -11401458 -6467888
1996511 -11401328 -6467717
1996561 -11401190 -6467543
1996611 -11401056 -6467369
1996661 -11400918 -6467196
1996711 -11400788 -6467023
1996761 -11400646 -6466849
1996811 -11400516 -6466676
1996861 -11400392 -6466503
1996911 -11400258 -6466329
1996961 -11400127 -6466155
1997011 -11399994 -6465981
1997061 -11399868 -6465808
1997111 -11399731 -6465636
1997161 -11399602 -6465465
1997211 -11399472 -6465295
1997261 -11399341 -6465121
1997311 -11399206 -6464949
1997361 -11399066 -6464780
1997411 -11398940 -6464609
1997461 -11398803 -6464437
1997511 -11398662 -6464264
1997561 -11398527 -6464090
1997611 -11398388 -6463917
1997661 -11398252 -6463745
1997711 -11398111 -6463572
1997761 -11397980 -6463398
1997811 -11397843 -6463225
1997861 -11397700 -6463050
1997911 -11397566 -6462877
1997961 -11397428 -6462703
1998011 -11397287 -6462530
1998061 -11397150 -6462359
1998111 -11397018 -6462188
1998161 -11396879 -6462016
1998211 -11396735 -6461841
1998261 -11396608 -6461669
1998311 -11396468 -6461500
1998361 -11396327 -6461329
1998411 -11396192 -6461158
1998461 -11396055 -6460984
1998511 -11395920 -6460810
1998561 -11395776 -6460637
1998611 -11395648 -6460466
1998661 -11395506 -6460292
1998711 -11395368 -6460119
1998761 -11395238 -6459944
1998811 -11395106 -6459769
1998861 -11394970 -6459596
1998911 -11394834 -6459423
1998961 -11394702 -6459250
1999011 -11394566 -6459078
1999061 -11394428 -6458905
1999111 -11394302 -6458733
1999161 -11394164 -6458559
1999211 -11394034 -6458388
1999261 -11393908 -6458220
1999311 -11393798 -6458064
1999361 -11393714 -6457914
1999411 -11393618 -6457763
1999461 -11393519 -6457616
1999511 -11393416 -6457479
1999561 -11393334 -6457346
1999611 -11393250 -6457216
1999661 -11393162 -6457088
1999711 -11393080 -6456964
1999761 -11392994 -6456837
1999811 -11392919 -6456711
1999861 -11392832 -6456587
1999911 -11392754 -6456461
1999961 -11392663 -6456337
2000011 -11392584 -6456212
2000061 -11392504 -6456088
2000111 -11392412 -6455964
2000161 -11392334 -6455839
2000211 -11392242 -6455713
2000261 -11392162 -6455592
2000311 -11392080 -6455467
2000361 -11391986 -6455341
2000411 -11391896 -6455217
2000461 -11391804 -6455093
2000511 -11391714 -6454970
2000561 -11391626 -6454847
2000611 -11391542 -6454722
2000661 -11391462 -6454598
2000711 -11391371 -6454472
2000761 -11391286 -6454346
2000811 -11391191 -6454220
2000861 -11391102 -6454095
2000911 -11391018 -6453969
2000961 -11390932 -6453843
2001011 -11390847 -6453717
2001061 -11390755 -6453591
2001111 -11390672 -6453465
2001161 -11390596 -6453340
2001211 -11390507 -6453215
2001261 -11390428 -6453089
2001311 -11390335 -6452965
2001361 -11390251 -6452839
2001411 -11390163 -6452716
2001461 -11390085 -6452591
2001511 -11390008 -6452465
2001561 -11389924 -6452341
2001611 -11389848 -6452216
2001661 -11389762 -6452090
2001711 -11389674 -6451966
2001761 -11389600 -6451841
2001811 -11389516 -6451717
2001861 -11389444 -6451594
2001911 -11389353 -6451471
2001961 -11389275 -6451346
2002011 -11389192 -6451221
2002061 -11389112 -6451096
2002111 -11389041 -6450972
2002161 -11388954 -6450848
2002211 -11388876 -6450723
2002261 -11388792 -6450597
2002311 -11388712 -6450472
2002361 -11388640 -6450346
2002411 -11388552 -6450220
2002461 -11388478 -6450095
2002511 -11388392 -6449968
2002561 -11388314 -6449843
2002611 -11388230 -6449717
2002661 -11388152 -6449594
2002711 -11388079 -6449469
2002761 -11387986 -6449351
2002811 -11387904 -6449235
2002861 -11387824 -6449117
2002911 -11387730 -6449001
2002961 -11387650 -6448884
2003011 -11387556 -6448768
2003061 -11387471 -6448654
2003111 -11387382 -6448538
2003161 -11387292 -6448423
2003211 -11387206 -6448310
2003261 -11387108 -6448195
2003311 -11387019 -6448080
2003361 -11386923 -6447965
2003411 -11386833 -6447849
2003461 -11386741 -6447733
2003511 -11386655 -6447619
2003561 -11386568 -6447503
2003611 -11386479 -6447385
2003661 -11386387 -6447272
2003711 -11386299 -6447155
2003761 -11386209 -6447036
2003811 -11386113 -6446920
2003861 -11386025 -6446803
2003911 -11385927 -6446686
2003961 -11385836 -6446569
2004011 -11385739 -6446453
2004061 -11385651 -6446337
2004111 -11385555 -6446222
2004161 -11385469 -6446107
2004211 -11385375 -6445990
2004261 -11385287 -6445877
2004311 -11385197 -6445764
2004361 -11385104 -6445647
2004411 -11385017 -6445533
2004461 -11384923 -6445420
2004511 -11384833 -6445305
2004561 -11384739 -6445191
2004611 -11384652 -6445079
2004661 -11384553 -6444965
2004711 -11384467 -6444850
2004761 -11384371 -6444735
2004811 -11384283 -6444619
2004861 -11384185 -6444502
2004911 -11384097 -6444387
2004961 -11384000 -6444270
2005011 -11383909 -6444152
2005061 -11383817 -6444037
2005111 -11383727 -6443922
2005161 -11383636 -6443806
2005211 -11383545 -6443691
2005261 -11383447 -6443577
2005311 -11383359 -6443461
2005361 -11383266 -6443345
2005411 -11383175 -6443229
2005461 -11383085 -6443115
2005511 -11382993 -6443001
2005561 -11382904 -6442886
2005611 -11382805 -6442770
2005661 -11382717 -6442654
2005711 -11382623 -6442541
2005761 -11382529 -6442425
2005811 -11382428 -6442309
2005861 -11382340 -6442194
2005911 -11382243 -6442078
2005961 -11382155 -6441963
2006011 -11382060 -6441850
2006061 -11381968 -6441737
2006111 -11381877 -6441623
2006161 -11381787 -6441508
2006211 -11381695 -6441393
2006261 -11381607 -6441278
2006311 -11381513 -6441164
2006361 -11381417 -6441051
2006411 -11381323 -6440934
2006461 -11381225 -6440818
2006511 -11381136 -6440701
2006561 -11381039 -6440583
2006611 -11380949 -6440465
2006661 -11380852 -6440348
2006711 -11380761 -6440229
2006761 -11380665 -6440110
2006811 -11380576 -6439992
2006861 -11380483 -6439875
2006911 -11380387 -6439757
2006961 -11380296 -6439640
2007011 -11380196 -6439522
2007061 -11380107 -6439404
2007111 -11380009 -6439289
2007161 -11379919 -6439171
2007211 -11379827 -6439053
2007261 -11379739 -6438939
2007311 -11379649 -6438822
2007361 -11379560 -6438707
2007411 -11379473 -6438593
2007461 -11379377 -6438478
2007511 -11379289 -6438362
2007561 -11379195 -6438246
2007611 -11379079 -6438423
2007661 -11378931 -6438371
2007711 -11378789 -6438242
2007761 -11378644 -6438077
2007811 -11378501 -6437907
2007861 -11378366 -6437735
2007911 -11378230 -6437562
2007961 -11378092 -6437389
2008011 -11377949 -6437214
2008061 -11377817 -6437041
2008111 -11377678 -6436868
2008161 -11377534 -6436694
2008211 -11377396 -6436523
2008261 -11377252 -6436352
2008311 -11377112 -6436177
2008361 -11376969 -6436005
2008411 -11376832 -6435834
2008461 -11376688 -6435664
2008511 -11376546 -6435493
2008561 -11376405 -6435319
2008611 -11376262 -6435145
2008661 -11376124 -6434972
2008711 -11375985 -6434799
2008761 -11375844 -6434625
2008811 -11375696 -6434451
2008861 -11375552 -6434278
2008911 -11375409 -6434105
2008961 -11375266 -6433930
2009011 -11375117 -6433757
2009061 -11374973 -6433585
2009111 -11374830 -6433412
2009161 -11374688 -6433241
2009211 -11374543 -6433070
2009261 -11374402 -6432894
2009311 -11374256 -6432722
2009361 -11374110 -6432550
2009411 -11373973 -6432380
2009461 -11373832 -6432207
2009511 -11373686 -6432034
2009561 -11373536 -6431860
2009611 -11373405 -6431687
2009661 -11373266 -6431514
2009711 -11373124 -6431341
2009761 -11372992 -6431166
2009811 -11372846 -6430994
2009861 -11372704 -6430819
2009911 -11372557 -6430646
2009961 -11372429 -6430475
2010011 -11372284 -6430302
2010061 -11372138 -6430130
2010111 -11372001 -6429959
2010161 -11371864 -6429787
2010211 -11371724 -6429612
2010261 -11371581 -6429441
2010311 -11371449 -6429271
2010361 -11371308 -6429101
2010411 -11371162 -6428929
2010461 -11371028 -6428754
2010511 -11370890 -6428580
2010561 -11370752 -6428407
2010611 -11370613 -6428234
2010661 -11370480 -6428059
2010711 -11370342 -6427886
2010761 -11370197 -6427713
2010811 -11370066 -6427538
2010861 -11369921 -6427365
2010911 -11369784 -6427191
2010961 -11369642 -6427018
2011011 -11369505 -6426846
2011061 -11369368 -6426675
2011111 -11369221 -6426502
2011161 -11369085 -6426328
2011211 -11368940 -6426158
2011261 -11368808 -6425988
2011311 -11368670 -6425817
2011361 -11368528 -6425644
2011411 -11368390 -6425470
2011461 -11368250 -6425296
2011511 -11368116 -6425123
2011561 -11367980 -6424950
2011611 -11367838 -6424777
2011661 -11367705 -6424603
2011711 -11367568 -6424430
2011761 -11367428 -6424255
2011811 -11367288 -6424083
2011861 -11367157 -6423910
2011911 -11367017 -6423738
2011961 -11366876 -6423566
2012011 -11366746 -6423395
2012061 -11366612 -6423222
2012111 -11366480 -6423047
2012161 -11366342 -6422877
2012211 -11366218 -6422707
2012261 -11366080 -6422536
2012311 -11365948 -6422363
2012361 -11365820 -6422188
2012411 -11365689 -6422014
2012461 -11365564 -6421841
2012511 -11365441 -6421668
2012561 -11365310 -6421494
2012611 -11365186 -6421321
2012661 -11365064 -6421146
2012711 -11364944 -6420972
2012761 -11364815 -6420799
2012811 -11364686 -6420626
2012861 -11364570 -6420453
2012911 -11364450 -6420281
2012961 -11364332 -6420109
2013011 -11364212 -6419935
2013061 -11364090 -6419761
2013111 -11363970 -6419591
2013161 -11363837 -6419421
2013211 -11363726 -6419248
2013261 -11363600 -6419074
2013311 -11363484 -6418900
2013361 -11363368 -6418727
2013411 -11363246 -6418555
2013461 -11363117 -6418382
2013511 -11362993 -6418207
2013561 -11362880 -6418034
2013611 -11362753 -6417860
2013661 -11362632 -6417687
2013711 -11362514 -6417514
2013761 -11362394 -6417341
2013811 -11362268 -6417170
2013861 -11362148 -6416999
2013911 -11362026 -6416827
2013961 -11361902 -6416653
2014011 -11361778 -6416481
2014061 -11361662 -6416311
2014111 -11361530 -6416140
2014161 -11361405 -6415969
2014211 -11361284 -6415797
2014261 -11361164 -6415623
2014311 -11361037 -6415449
2014361 -11360916 -6415277
2014411 -11360806 -6415103
2014461 -11360678 -6414930
2014511 -11360556 -6414756
2014561 -11360433 -6414581
2014611 -11360316 -6414408
2014661 -11360190 -6414235
2014711 -11360069 -6414063
2014761 -11359964 -6413892
2014811 -11359835 -6413720
2014861 -11359716 -6413548
2014911 -11359592 -6413374
2014961 -11359464 -6413202
2015011 -11359338 -6413034
2015061 -11359205 -6412863
2015111 -11359091 -6412692
2015161 -11358957 -6412518
2015211 -11358833 -6412344
2015261 -11358700 -6412171
2015311 -11358568 -6412002
2015361 -11358433 -6411828
2015411 -11358308 -6411658
2015461 -11358177 -6411484
2015511 -11358046 -6411309
2015561 -11357909 -6411137
2015611 -11357777 -6410963
2015661 -11357646 -6410791
2015711 -11357514 -6410620
2015761 -11357384 -6410448
2015811 -11357258 -6410276
2015861 -11357126 -6410101
2015911 -11356990 -6409932
2015961 -11356864 -6409763
2016011 -11356734 -6409591
2016061 -11356593 -6409419
2016111 -11356456 -6409245
2016161 -11356330 -6409072
2016211 -11356189 -6408900
2016261 -11356054 -6408728
2016311 -11355920 -6408554
2016361 -11355792 -6408382
2016411 -11355657 -6408208
2016461 -11355517 -6408033
2016511 -11355388 -6407861
2016561 -11355244 -6407687
2016611 -11355104 -6407515
2016661 -11354972 -6407344
2016711 -11354834 -6407172
2016761 -11354692 -6406999
2016811 -11354547 -6406823
2016861 -11354413 -6406653
2016911 -11354269 -6406484
2016961 -11354127 -6406311
2017011 -11353993 -6406137
2017061 -11353855 -6405963
2017111 -11353715 -6405791
2017161 -11353578 -6405619
2017211 -11353446 -6405446
2017261 -11353303 -6405271
2017311 -11353158 -6405098
2017361 -11353027 -6404924
2017411 -11352885 -6404750
2017461 -11352743 -6404575
2017511 -11352603 -6404402
2017561 -11352465 -6404230
2017611 -11352325 -6404058
2017661 -11352182 -6403886
2017711 -11352047 -6403713
2017761 -11351899 -6403539
2017811 -11351756 -6403370
2017861 -11351619 -6403199
2017911 -11351477 -6403028
2017961 -11351335 -6402855
2018011 -11351193 -6402681
2018061 -11351061 -6402506
2018111 -11350911 -6402335
2018161 -11350771 -6402162
2018211 -11350633 -6401989
2018261 -11350487 -6401815
2018311 -11350335 -6401639
2018361 -11350186 -6401466
2018411 -11350045 -6401294
2018461 -11349893 -6401121
2018511 -11349745 -6400951
2018561 -11349604 -6400778
2018611 -11349461 -6400609
2018661 -11349313 -6400435
2018711 -11349173 -6400263
2018761 -11349035 -6400096
2018811 -11348887 -6399927
2018861 -11348737 -6399755
2018911 -11348599 -6399581
2018961 -11348479 -6399417
2019011 -11348381 -6399266
2019061 -11348273 -6399114
2019111 -11348165 -6398968
2019161 -11348059 -6398825
2019211 -11347963 -6398693
2019261 -11347867 -6398562
2019311 -11347765 -6398434
2019361 -11347674 -6398308
2019411 -11347579 -6398183
2019461 -11347483 -6398057
2019511 -11347387 -6397933
2019561 -11347283 -6397806
2019611 -11347191 -6397680
2019661 -11347089 -6397554
2019711 -11346997 -6397429
2019761 -11346901 -6397306
2019811 -11346803 -6397180
2019861 -11346705 -6397055
2019911 -11346601 -6396931
2019961 -11346511 -6396808
2020011 -11346417 -6396684
2020061 -11346321 -6396560
2020111 -11346223 -6396436
2020161 -11346122 -6396309
2020211 -11346025 -6396184
2020261 -11345926 -6396058
2020311 -11345829 -6395932
2020361 -11345739 -6395808
2020411 -11345639 -6395683
2020461 -11345545 -6395557
2020511 -11345441 -6395432
2020561 -11345351 -6395306
2020611 -11345258 -6395179
2020661 -11345157 -6395053
2020711 -11345066 -6394927
2020761 -11344961 -6394801
2020811 -11344869 -6394676
2020861 -11344766 -6394553
2020911 -11344677 -6394428
2020961 -11344585 -6394303
2021011 -11344493 -6394179
2021061 -11344403 -6394056
2021111 -11344301 -6393932
2021161 -11344210 -6393808
2021211 -11344113 -6393685
2021261 -11344021 -6393562
2021311 -11343925 -6393441
2021361 -11343831 -6393318
2021411 -11343737 -6393196
2021461 -11343649 -6393072
2021511 -11343557 -6392946
2021561 -11343461 -6392822
2021611 -11343370 -6392698
2021661 -11343273 -6392574
2021711 -11343181 -6392449
2021761 -11343086 -6392325
2021811 -11342995 -6392200
2021861 -11342905 -6392074
2021911 -11342809 -6391950
2021961 -11342722 -6391825
2022011 -11342625 -6391699
2022061 -11342536 -6391574
2022111 -11342445 -6391450
2022161 -11342356 -6391324
2022211 -11342261 -6391200
2022261 -11342157 -6391074
2022311 -11342065 -6390949
2022361 -11341970 -6390825
2022411 -11341877 -6390698
2022461 -11341778 -6390573
2022511 -11341678 -6390450
2022561 -11341586 -6390325
2022611 -11341485 -6390201
2022661 -11341399 -6390078
2022711 -11341303 -6389955
2022761 -11341141 -6389912
2022811 -11340977 -6389768
2022861 -11340827 -6389622
2022911 -11340681 -6389461
2022961 -11340545 -6389291
2023011 -11340403 -6389118
2023061 -11340259 -6388946
2023111 -11340118 -6388774
2023161 -11339989 -6388601
2023211 -11339842 -6388427
2023261 -11339705 -6388254
2023311 -11339566 -6388081
2023361 -11339425 -6387906
2023411 -11339285 -6387734
2023461 -11339147 -6387562
2023511 -11339011 -6387387
2023561 -11338869 -6387215
2023611 -11338726 -6387043
2023661 -11338597 -6386874
2023711 -11338451 -6386701
2023761 -11338309 -6386527
2023811 -11338177 -6386351
2023861 -11338038 -6386178
2023911 -11337907 -6386003
2023961 -11337765 -6385830
2024011 -11337637 -6385656
2024061 -11337497 -6385484
2024111 -11337362 -6385311
2024161 -11337227 -6385136
2024211 -11337091 -6384966
2024261 -11336952 -6384793
2024311 -11336810 -6384620
2024361 -11336679 -6384450
2024411 -11336542 -6384278
2024461 -11336403 -6384105
2024511 -11336270 -6383934
2024561 -11336133 -6383764
2024611 -11335997 -6383594
2024661 -11335857 -6383422
2024711 -11335726 -6383249
2024761 -11335581 -6383076
2024811 -11335443 -6382904
2024861 -11335313 -6382730
2024911 -11335175 -6382558
2024961 -11335042 -6382384
2025011 -11334901 -6382211
2025061 -11334769 -6382036
2025111 -11334626 -6381863
2025161 -11334485 -6381692
2025211 -11334349 -6381519
2025261 -11334209 -6381346
2025311 -11334069 -6381176
2025361 -11333931 -6381004
2025411 -11333791 -6380829
2025461 -11333653 -6380658
2025511 -11333513 -6380489
2025561 -11333377 -6380319
2025611 -11333239 -6380146
2025661 -11333101 -6379973
2025711 -11332962 -6379800
2025761 -11332829 -6379627
2025811 -11332690 -6379453
2025861 -11332549 -6379280
2025911 -11332415 -6379107
2025961 -11332275 -6378934
2026011 -11332135 -6378761
2026061 -11331997 -6378588
2026111 -11331861 -6378415
2026161 -11331725 -6378241
2026211 -11331589 -6378069
2026261 -11331457 -6377900
2026311 -11331311 -6377726
2026361 -11331171 -6377552
2026411 -11331037 -6377381
2026461 -11330905 -6377211
2026511 -11330769 -6377040
2026561 -11330627 -6376868
2026611 -11330497 -6376694
2026661 -11330354 -6376520
2026711 -11330223 -6376347
2026761 -11330089 -6376174
2026811 -11329956 -6376000
2026861 -11329827 -6375827
2026911 -11329690 -6375654
2026961 -11329559 -6375480
2027011 -11329421 -6375306
2027061 -11329294 -6375133
2027111 -11329169 -6374960
2027161 -11329041 -6374788
2027211 -11328907 -6374618
2027261 -11328773 -6374444
2027311 -11328649 -6374270
2027361 -11328523 -6374099
2027411 -11328399 -6373929
2027461 -11328277 -6373758
2027511 -11328157 -6373585
2027561 -11328033 -6373411
2027611 -11327910 -6373237
2027661 -11327789 -6373064
2027711 -11327662 -6372891
2027761 -11327545 -6372717
2027811 -11327437 -6372544
2027861 -11327314 -6372370
2027911 -11327202 -6372195
2027961 -11327082 -6372023
2028011 -11326967 -6371849
2028061 -11326851 -6371676
2028111 -11326730 -6371504
2028161 -11326617 -6371334
2028211 -11326489 -6371159
2028261 -11326373 -6370986
2028311 -11326269 -6370816
2028361 -11326157 -6370646
2028411 -11326035 -6370474
2028461 -11325913 -6370301
2028511 -11325807 -6370127
2028561 -11325689 -6369954
2028611 -11325575 -6369782
2028661 -11325469 -6369608
2028711 -11325349 -6369433
2028761 -11325231 -6369261
2028811 -11325117 -6369086
2028861 -11325010 -6368912
2028911 -11324885 -6368739
2028961 -11324773 -6368565
2029011 -11324658 -6368392
2029061 -11324538 -6368221
2029111 -11324425 -6368049
2029161 -11324305 -6367874
2029211 -11324186 -6367702
2029261 -11324065 -6367532
2029311 -11323937 -6367362
2029361 -11323831 -6367190
2029411 -11323710 -6367017
2029461 -11323591 -6366843
2029511 -11323473 -6366670
2029561 -11323351 -6366498
2029611 -11323217 -6366324
2029661 -11323100 -6366150
2029711 -11322979 -6365977
2029761 -11322853 -6365803
2029811 -11322723 -6365630
2029861 -11322591 -6365457
2029911 -11322470 -6365284
2029961 -11322337 -6365112
2030011 -11322199 -6364941
2030061 -11322070 -6364769
2030111 -11321934 -6364595
2030161 -11321803 -6364423
2030211 -11321675 -6364254
2030261 -11321551 -6364083
2030311 -11321417 -6363911
2030361 -11321275 -6363738
2030411 -11321147 -6363563
2030461 -11321009 -6363390
2030511 -11320873 -6363218
2030561 -11320739 -6363044
2030611 -11320606 -6362871
2030661 -11320469 -6362698
2030711 -11320325 -6362523
2030761 -11320193 -6362350
2030811 -11320050 -6362177
2030861 -11319901 -6362005
2030911 -11319757 -6361833
2030961 -11319611 -6361662
2031011 -11319461 -6361490
2031061 -11319307 -6361315
2031111 -11319166 -6361144
2031161 -11319019 -6360974
2031211 -11318865 -6360803
2031261 -11318715 -6360630
2031311 -11318561 -6360456
2031361 -11318402 -6360282
2031411 -11318243 -6360110
2031461 -11318095 -6359937
2031511 -11317937 -6359763
2031561 -11317779 -6359590
2031611 -11317629 -6359416
2031661 -11317477 -6359242
2031711 -11317324 -6359069
2031761 -11317161 -6358894
2031811 -11317013 -6358721
2031861 -11316855 -6358549
2031911 -11316702 -6358379
2031961 -11316555 -6358206
2032011 -11316395 -6358032
2032061 -11316238 -6357861
2032111 -11316086 -6357691
2032161 -11315937 -6357519
2032211 -11315783 -6357347
2032261 -11315629 -6357173
2032311 -11315490 -6357000
2032361 -11315333 -6356828
2032411 -11315181 -6356656
2032461 -11315033 -6356481
2032511 -11314881 -6356309
2032561 -11314727 -6356136
2032611 -11314577 -6355962
2032661 -11314433 -6355788
2032711 -11314281 -6355614
2032761 -11314130 -6355442
2032811 -11313983 -6355270
2032861 -11313837 -6355099
2032911 -11313690 -6354926
2032961 -11313538 -6354752
2033011 -11313399 -6354583
2033061 -11313251 -6354413
2033111 -11313109 -6354240
2033161 -11312966 -6354068
2033211 -11312831 -6353893
2033261 -11312685 -6353719
2033311 -11312535 -6353548
2033361 -11312398 -6353375
2033411 -11312252 -6353200
2033461 -11312107 -6353028
2033511 -11311963 -6352853
2033561 -11311822 -6352680
2033611 -11311673 -6352506
2033661 -11311523 -6352333
2033711 -11311385 -6352162
2033761 -11311231 -6351990
2033811 -11311087 -6351819
2033861 -11310947 -6351646
2033911 -11310795 -6351474
2033961 -11310657 -6351306
2034011 -11310518 -6351136
2034061 -11310375 -6350964
2034111 -11310229 -6350790
2034161 -11310086 -6350616
2034211 -11309947 -6350442
2034261 -11309802 -6350271
2034311 -11309665 -6350097
2034361 -11309530 -6349924
2034411 -11309389 -6349750
2034461 -11309249 -6349576
2034511 -11309107 -6349402
2034561 -11308977 -6349229
2034611 -11308839 -6349055
2034661 -11308698 -6348884
2034711 -11308566 -6348712
2034761 -11308423 -6348541
2034811 -11308287 -6348367
2034861 -11308150 -6348196
2034911 -11308021 -6348028
2034961 -11307883 -6347856
2035011 -11307741 -6347684
2035061 -11307610 -6347511
2035111 -11307467 -6347337
2035161 -11307327 -6347164
2035211 -11307195 -6346993
2035261 -11307057 -6346818
2035311 -11306918 -6346644
2035361 -11306775 -6346470
2035411 -11306645 -6346294
2035461 -11306506 -6346121
2035511 -11306362 -6345946
2035561 -11306230 -6345773
2035611 -11306086 -6345602
2035661 -11305949 -6345429
2035711 -11305805 -6345256
2035761 -11305663 -6345081
2035811 -11305521 -6344910
2035861 -11305378 -6344741
2035911 -11305249 -6344569
2035961 -11305102 -6344397
2036011 -11304963 -6344222
2036061 -11304826 -6344048
2036111 -11304685 -6343876
2036161 -11304549 -6343704
2036211 -11304407 -6343530
2036261 -11304275 -6343357
2036311 -11304132 -6343182
2036361 -11303990 -6343008
2036411 -11303848 -6342834
2036461 -11303704 -6342661
2036511 -11303562 -6342490
2036561 -11303419 -6342319
2036611 -11303284 -6342147
2036661 -11303146 -6341976
2036711 -11302998 -6341800
2036761 -11302866 -6341632
2036811 -11302727 -6341462
2036861 -11302584 -6341290
2036911 -11302442 -6341117
2036961 -11302312 -6340944
2037011 -11302164 -6340770
2037061 -11302019 -6340599
2037111 -11301883 -6340427
2037161 -11301736 -6340253
2037211 -11301595 -6340080
2037261 -11301448 -6339906
2037311 -11301315 -6339733
2037361 -11301170 -6339560
2037411 -11301022 -6339386
2037461 -11300892 -6339216
2037511 -11300753 -6339045
2037561 -11300611 -6338873
2037611 -11300468 -6338701
2037661 -11300332 -6338527
2037711 -11300194 -6338359
2037761 -11300054 -6338188
2037811 -11299914 -6338016
2037861 -11299776 -6337843
2037911 -11299634 -6337669
2037961 -11299498 -6337496
2038011 -11299364 -6337324
2038061 -11299228 -6337151
2038111 -11299086 -6336977
2038161 -11298954 -6336804
2038211 -11298811 -6336629
2038261 -11298674 -6336455
2038311 -11298538 -6336282
2038361 -11298399 -6336109
2038411 -11298262 -6335938
2038461 -11298123 -6335767
2038511 -11297996 -6335594
2038561 -11297856 -6335422
2038611 -11297721 -6335249
2038661 -11297590 -6335081
2038711 -11297458 -6334910
2038761 -11297326 -6334737
2038811 -11297183 -6334563
2038861 -11297050 -6334388
2038911 -11296914 -6334214
2038961 -11296778 -6334042
2039011 -11296647 -6333868
2039061 -11296504 -6333694
2039111 -11296376 -6333519
2039161 -11296243 -6333343
2039211 -11296110 -6333169
2039261 -11295974 -6332994
2039311 -11295834 -6332820
2039361 -11295702 -6332649
2039411 -11295564 -6332475
2039461 -11295424 -6332302
2039511 -11295292 -6332128
2039561 -11295150 -6331955
2039611 -11295015 -6331786
2039661 -11294884 -6331613
2039711 -11294744 -6331440
2039761 -11294610 -6331266
2039811 -11294466 -6331092
2039861 -11294335 -6330919
2039911 -11294198 -6330747
2039961 -11294064 -6330573
2040011 -11293932 -6330400
2040061 -11293793 -6330224
2040111 -11293655 -6330050
2040161 -11293518 -6329877
2040211 -11293382 -6329704
2040261 -11293236 -6329532
2040311 -11293092 -6329362
2040361 -11292963 -6329190
2040411 -11292820 -6329019
2040461 -11292682 -6328846
2040511 -11292538 -6328676
2040561 -11292403 -6328508
2040611 -11292258 -6328337
2040661 -11292115 -6328165
2040711 -11291978 -6327992
2040761 -11291834 -6327820
2040811 -11291696 -6327648
2040861 -11291556 -6327476
2040911 -11291419 -6327302
2040961 -11291276 -6327129
2041011 -11291134 -6326954
2041061 -11291000 -6326780
2041111 -11290852 -6326606
2041161 -11290708 -6326433
2041211 -11290571 -6326261
2041261 -11290435 -6326090
2041311 -11290296 -6325916
2041361 -11290152 -6325745
2041411 -11290020 -6325570
2041461 -11289883 -6325400
2041511 -11289743 -6325230
2041561 -11289606 -6325058
2041611 -11289467 -6324885
2041661 -11289323 -6324710
2041711 -11289183 -6324537
2041761 -11289050 -6324364
2041811 -11288914 -6324192
2041861 -11288767 -6324018
2041911 -11288631 -6323843
2041961 -11288480 -6323669
2042011 -11288338 -6323495
2042061 -11288198 -6323320
2042111 -11288058 -6323146
2042161 -11287918 -6322975
2042211 -11287768 -6322803
2042261 -11287638 -6322630
2042311 -11287497 -6322458
2042361 -11287346 -6322284
2042411 -11287210 -6322114
2042461 -11287068 -6321943
2042511 -11286918 -6321770
2042561 -11286774 -6321597
2042611 -11286634 -6321423
2042661 -11286483 -6321249
2042711 -11286334 -6321077
2042761 -11286192 -6320903
2042811 -11286040 -6320730
2042861 -11285888 -6320555
2042911 -11285746 -6320380
2042961 -11285600 -6320207
2043011 -11285447 -6320033
2043061 -11285300 -6319860
2043111 -11285156 -6319689
2043161 -11285007 -6319516
2043211 -11284851 -6319343
2043261 -11284712 -6319172
2043311 -11284562 -6318999
2043361 -11284411 -6318829
2043411 -11284262 -6318658
2043461 -11284120 -6318485
2043511 -11283968 -6318313
2043561 -11283818 -6318139
2043611 -11283682 -6317972
2043661 -11283666 -6317959
2043711 -11283646 -6317933
2043761 -11283631 -6317905
2043811 -11283614 -6317887
2043861 -11283611 -6317886
2043911 -11283611 -6317887
2043961 -11283611 -6317887
2044011 -11283611 -6317888
2044061 -11283611 -6317888
2044111 -11283611 -6317888
2044161 -11283611 -6317888
2044211 -11283611 -6317888
2044261 -11283611 -6317888
2044311 -11283611 -6317888
2044361 -11283611 -6317888
2044411 -11283611 -6317888
2044461 -11283611 -6317888
2044511 -11283611 -6317888
2044561 -11283611 -6317888
2044611 -11283611 -6317888
