80866 -7 1
80916 -7 1
80966 -7 1
81016 -7 1
81066 -7 1
81116 -7 1
81166 -7 1
81216 -7 1
81266 -7 1
81316 -7 1
81366 -7 1
81416 -7 1
81466 -7 1
81516 -7 1
81566 -7 1
81616 -7 1
81666 -7 1
81716 -7 1
81766 -7 1
81816 -7 1
81866 -7 1
81916 -7 1
81966 -7 1
82016 -7 1
82066 -7 1
82116 -7 1
82166 -7 1
82216 -7 1
82266 -7 1
82316 -7 1
82366 -7 1
82416 -7 1
82466 -7 1
82516 -7 1
82566 -7 1
82616 -7 1
82666 -7 1
82716 -7 1
82766 -7 1
82816 -7 1
82866 -7 1
82916 -7 1
82966 -7 1
83016 -7 1
83066 -7 1
83116 -7 1
83166 -7 1
83216 -7 1
83266 -7 1
83316 -7 1
83366 -7 1
83416 -7 1
83466 -7 1
83516 -7 1
83566 -7 1
83616 -7 1
83666 -7 1
83716 -7 1
83766 -7 1
83816 -7 1
83866 -7 1
83916 -7 1
83966 -7 1
84016 -7 1
84066 -7 1
84116 -7 1
84166 -7 1
84216 -7 1
84266 -7 1
84316 -7 1
84366 -7 1
84416 -7 1
84466 -7 1
84516 -7 1
84566 -7 1
84616 -7 1
84666 -7 1
84716 -7 1
84766 -7 1
84816 -7 1
84866 -7 1
84916 -7 1
84966 -7 1
85016 -7 1
85066 -7 1
85116 -7 1
85166 -7 1
85216 -7 1
85266 -7 1
85316 -7 1
85366 -7 1
85416 -7 1
85466 -7 1
85516 -7 1
85566 -7 1
85616 -7 1
85666 -7 1
85716 -7 1
85766 -7 1
85816 -7 1
85866 -7 1
85916 -7 1
85966 -7 1
86016 -7 1
86066 -7 1
86116 -7 1
86166 -7 1
86216 -7 1
86266 -7 1
86316 -7 1
86366 -7 1
86416 -7 1
86466 -7 1
86516 -7 1
86566 -7 1
86616 -7 1
86666 -7 1
86716 -7 1
86766 -7 1
86816 -7 1
86866 -7 1
86916 -7 1
86966 -7 1
87016 -7 1
87066 -7 1
87116 -7 1
87166 -7 1
87216 -7 1
87266 -7 1
87316 -7 1
87366 -7 1
87416 -7 1
87466 -7 1
87516 -7 1
87566 -7 1
87616 -7 1
87666 -7 1
87716 -7 1
87766 -7 1
87816 -7 1
87866 -7 1
87916 -7 1
87966 -7 1
88016 -7 1
88066 -7 1
88116 -7 1
88166 -7 1
88216 -7 1
88266 -7 1
88316 -7 1
88366 -7 1
88416 -7 1
88466 -7 1
88516 -7 1
88566 -7 1
88616 -7 1
88666 -7 1
88716 -7 1
88766 -7 1
88816 -7 1
88866 -7 1
88916 -7 1
88966 -7 1
89016 -7 1
89066 -7 1
89116 -7 1
89166 -7 1
89216 -7 2
89266 -7 8
89316 -7 13
89366 -7 16
89416 -7 22
89466 -6 28
89516 -5 34
89566 1 42
89616 5 52
89666 15 62
89716 29 74
89766 51 88
89816 65 101
89866 82 115
89916 101 131
89966 121 151
90016 137 175
90066 164 200
90116 191 231
90166 219 263
90216 253 297
90266 277 330
90316 313 366
90366 336 402
90416 368 438
90466 391 474
90516 427 511
90566 452 548
90616 485 584
90666 513 621
90716 541 658
90766 571 694
90816 599 731
90866 628 768
90916 656 806
90966 688 842
91016 720 880
91066 757 917
91116 781 954
91166 815 992
91216 839 1028
91266 871 1065
91316 896 1101
91366 929 1138
91416 953 1174
91466 985 1211
91516 1009 1249
91566 1049 1288
91616 1079 1332
91666 1125 1379
91716 1163 1429
91766 1204 1482
91816 1247 1537
91866 1295 1593
91916 1337 1652
91966 1383 1710
92016 1429 1770
92066 1487 1831
92116 1536 1893
92166 1585 1956
92216 1631 2017
92266 1681 2080
92316 1733 2141
92366 1781 2203
92416 1827 2265
92466 1875 2326
92516 1925 2388
92566 1979 2450
92616 2025 2513
92666 2073 2576
92716 2124 2640
92766 2169 2702
92816 2225 2762
92866 2273 2822
92916 2321 2884
92966 2375 2946
93016 2425 3008
93066 2475 3070
93116 2529 3132
93166 2577 3194
93216 2624 3258
93266 2676 3322
93316 2723 3386
93366 2780 3447
93416 2828 3506
93466 2875 3566
93516 2924 3626
93566 2969 3688
93616 3025 3749
93666 3069 3810
93716 3115 3870
93766 3165 3932
93816 3211 3993
93866 3265 4054
93916 3315 4116
93966 3369 4179
94016 3420 4242
94066 3467 4304
94116 3517 4366
94166 3576 4428
94216 3625 4490
94266 3675 4551
94316 3725 4613
94366 3777 4676
94416 3832 4738
94466 3891 4802
94516 3941 4865
94566 3988 4927
94616 4037 4988
94666 4088 5049
94716 4148 5112
94766 4197 5173
94816 4249 5236
94866 4299 5299
94916 4345 5361
94966 4399 5423
95016 4452 5484
95066 4501 5545
95116 4550 5606
95166 4597 5668
95216 4647 5730
95266 4707 5793
95316 4755 5856
95366 4801 5919
95416 4851 5981
95466 4896 6041
95516 4953 6102
95566 5007 6164
95616 5057 6227
95666 5108 6289
95716 5159 6349
95766 5209 6411
95816 5265 6474
95866 5313 6537
95916 5361 6601
95966 5412 6664
96016 5460 6724
96066 5508 6782
96116 5565 6842
96166 5609 6903
96216 5659 6964
96266 5704 7025
96316 5757 7087
96366 5785 7123
96416 5787 7123
96466 5804 7123
96516 5816 7123
96566 5819 7123
96616 5820 7123
96666 5820 7122
96716 5820 7122
96766 5820 7122
96816 5820 7122
96866 5820 7122
96916 5820 7122
96966 5820 7122
97016 5820 7122
97066 5820 7122
97116 5820 7122
97166 5820 7122
97216 5820 7122
97266 5820 7122
97316 5820 7122
97366 5820 7122
97416 5820 7122
97466 5820 7122
97516 5820 7122
97566 5820 7122
97616 5820 7122
97666 5820 7122
97716 5820 7122
97766 5820 7122
97816 5820 7122
97866 5820 7122
97916 5820 7122
97966 5820 7122
98016 5820 7122
98066 5820 7122
98116 5820 7122
98166 5820 7122
98216 5820 7122
98266 5820 7122
98316 5820 7122
98366 5820 7122
98416 5820 7122
98466 5820 7122
98516 5820 7122
98566 5820 7122
98616 5820 7122
98666 5820 7122
98716 5820 7122
98766 5820 7122
98816 5820 7122
98866 5820 7122
98916 5820 7122
98966 5820 7122
99016 5820 7122
99066 5820 7122
99116 5820 7122
99166 5820 7122
99216 5820 7122
99266 5820 7122
99316 5820 7122
99366 5820 7122
99416 5820 7122
99466 5820 7122
99516 5820 7122
99566 5820 7122
99616 5820 7122
99666 5820 7122
99716 5820 7122
99766 5820 7122
99816 5820 7122
99866 5820 7122
99916 5820 7122
99966 5820 7122
100016 5820 7122
100066 5820 7122
100116 5820 7122
100166 5820 7122
100216 5820 7122
100266 5820 7122
100316 5820 7122
100366 5820 7122
100416 5820 7122
100466 5820 7122
100516 5820 7122
100566 5820 7122
100616 5820 7122
100666 5820 7122
100716 5820 7122
100766 5820 7122
100816 5820 7122
100866 5820 7122
100916 5820 7122
100966 5820 7122
101016 5820 7122
101066 5820 7122
101116 5820 7122
101166 5820 7122
101216 5820 7122
101266 5820 7122
101316 5820 7122
101366 5820 7122
101416 5820 7122
101466 5820 7122
101516 5820 7122
101566 5820 7122
101616 5820 7122
101666 5820 7122
101716 5820 7122
101766 5820 7122
101816 5820 7122
101866 5820 7122
101916 5820 7122
101966 5820 7122
102016 5820 7122
102066 5820 7122
102116 5820 7122
102166 5820 7122
102216 5820 7122
102266 5820 7122
102316 5820 7122
102366 5820 7122
102416 5820 7122
102466 5820 7122
102516 5820 7122
102566 5820 7122
102616 5820 7122
102666 5820 7122
102716 5820 7122
102766 5820 7122
102816 5819 7115
102866 5805 7093
102916 5697 7057
102966 5656 6947
103016 5586 6850
103066 5499 6732
103116 5387 6597
103166 5260 6475
103216 5114 6338
103266 4962 6189
103316 4806 6033
103366 4649 5880
103416 4490 5724
103466 4330 5565
103516 4168 5403
103566 4007 5241
103616 3848 5084
103666 3688 4924
103716 3532 4766
103766 3375 4609
103816 3222 4456
103866 3072 4306
103916 2927 4160
103966 2782 4016
104016 2638 3870
104066 2494 3729
104116 2351 3586
104166 2208 3449
104216 2066 3310
104266 1923 3169
104316 1776 3025
104366 1632 2883
104416 1490 2743
104466 1348 2606
104516 1206 2465
104566 1063 2325
104616 920 2183
104666 776 2041
104716 634 1903
104766 492 1761
104816 348 1619
104866 205 1478
104916 62 1337
104966 -81 1195
105016 -224 1055
105066 -366 915
105116 -509 773
105166 -654 631
105216 -798 492
105266 -940 351
105316 -1083 212
105366 -1227 71
105416 -1371 -70
105466 -1517 -213
105516 -1660 -355
105566 -1778 -469
105616 -1793 -473
105666 -1810 -496
105716 -1828 -525
105766 -1843 -541
105816 -1844 -546
105866 -1844 -545
105916 -1844 -545
105966 -1844 -545
106016 -1844 -545
106066 -1844 -545
106116 -1844 -545
106166 -1844 -545
106216 -1844 -545
106266 -1844 -545
106316 -1844 -545
106366 -1844 -545
106416 -1844 -545
106466 -1844 -545
106516 -1844 -545
106566 -1844 -545
106616 -1844 -545
106666 -1844 -545
106716 -1844 -545
106766 -1844 -545
106816 -1844 -545
106866 -1844 -545
106916 -1844 -545
106966 -1844 -545
107016 -1844 -545
107066 -1844 -545
107116 -1844 -545
107166 -1835 -539
107216 -1826 -529
107266 -1818 -518
107316 -1802 -499
107366 -1776 -476
107416 -1752 -445
107466 -1720 -410
107516 -1688 -369
107566 -1638 -323
107616 -1597 -273
107666 -1544 -217
107716 -1494 -160
107766 -1436 -102
107816 -1369 -35
107866 -1300 33
107916 -1232 103
107966 -1168 169
108016 -1101 243
108066 -1030 315
108116 -960 391
108166 -880 453
108216 -794 529
108266 -714 599
108316 -630 678
108366 -540 759
108416 -446 853
108466 -354 949
108516 -260 1046
108566 -166 1143
108616 -79 1244
108666 18 1348
108716 108 1452
108766 201 1553
108816 286 1656
108866 390 1762
108916 480 1867
108966 570 1971
109016 661 2074
109066 741 2176
109116 830 2277
109166 914 2378
109216 992 2474
109266 1075 2568
109316 1166 2664
109366 1238 2760
109416 1321 2855
109466 1410 2949
109516 1484 3048
109566 1574 3149
109616 1664 3248
109666 1740 3348
109716 1825 3451
109766 1910 3555
109816 2000 3658
109866 2097 3761
109916 2177 3864
109966 2266 3969
110016 2352 4075
110066 2446 4179
110116 2531 4285
110166 2625 4391
110216 2721 4497
110266 2810 4604
110316 2909 4711
110366 2994 4817
110416 3094 4924
110466 3184 5032
110516 3277 5138
110566 3366 5244
110616 3458 5351
110666 3550 5457
110716 3645 5564
110766 3741 5671
110816 3822 5776
110866 3920 5883
110916 4002 5989
110966 4098 6096
111016 4186 6203
111066 4282 6309
111116 4366 6415
111166 4460 6520
111216 4548 6626
111266 4640 6731
111316 4737 6837
111366 4822 6944
111416 4870 7006
111466 4881 7008
111516 4906 7029
111566 4924 7045
111616 4925 7047
111666 4924 7045
111716 4924 7045
111766 4924 7045
111816 4924 7045
111866 4924 7045
111916 4924 7045
111966 4924 7045
112016 4924 7045
112066 4924 7045
112116 4924 7045
112166 4924 7045
112216 4924 7045
112266 4924 7045
112316 4924 7045
112366 4924 7045
112416 4924 7045
112466 4924 7045
112516 4921 7041
112566 4907 7025
112616 4880 6989
112666 4833 6939
112716 4770 6877
112766 4687 6796
112816 4595 6705
112866 4492 6603
112916 4384 6495
112966 4273 6383
113016 4160 6268
113066 4047 6152
113116 3934 6036
113166 3819 5919
113216 3705 5803
113266 3591 5689
113316 3477 5576
113366 3364 5464
113416 3250 5351
113466 3136 5235
113516 3022 5118
113566 2907 5004
113616 2794 4890
113666 2681 4775
113716 2567 4659
113766 2452 4541
113816 2339 4425
113866 2224 4311
113916 2111 4195
113966 1998 4080
114016 1884 3963
114066 1771 3847
114116 1656 3732
114166 1543 3616
114216 1428 3500
114266 1315 3385
114316 1200 3269
114366 1085 3155
114416 971 3039
114466 856 2923
114516 742 2806
114566 627 2689
114616 512 2572
114666 397 2457
114716 283 2343
114766 168 2230
114816 54 2117
114866 -61 2002
114916 -176 1885
114966 -290 1769
115016 -404 1657
115066 -517 1544
115116 -631 1430
115166 -745 1315
115216 -858 1199
115266 -972 1085
115316 -1085 971
115366 -1200 857
115416 -1313 741
115466 -1428 624
115516 -1541 511
115566 -1656 396
115616 -1769 281
115666 -1883 167
115716 -1984 67
115766 -1997 61
115816 -2019 48
115866 -2041 24
115916 -2053 13
115966 -2052 14
116016 -2052 15
116066 -2052 15
116116 -2052 16
116166 -2052 16
116216 -2052 16
116266 -2052 16
116316 -2052 16
116366 -2052 16
116416 -2052 16
116466 -2052 16
116516 -2052 16
116566 -2052 16
116616 -2052 16
116666 -2052 16
116716 -2052 16
116766 -2052 16
116816 -2052 16
116866 -2052 16
116916 -2052 16
116966 -2052 16
117016 -2052 16
117066 -2052 16
117116 -2052 16
117166 -2052 16
117216 -2052 16
117266 -2052 16
117316 -2052 16
117366 -2052 16
117416 -2052 16
117466 -2052 16
117516 -2052 16
117566 -2052 16
117616 -2052 16
117666 -2052 16
117716 -2052 16
117766 -2052 16
117816 -2052 16
117866 -2052 16
117916 -2052 16
117966 -2052 16
118016 -2052 16
118066 -2052 16
118116 -2052 16
118166 -2052 16
118216 -2052 16
118266 -2052 16
118316 -2052 16
118366 -2052 16
118416 -2052 16
118466 -2052 16
118516 -2052 16
118566 -2052 16
118616 -2052 16
118666 -2052 16
118716 -2052 16
118766 -2052 16
118816 -2052 16
118866 -2052 16
118916 -2052 16
118966 -2052 16
119016 -2052 16
119066 -2052 16
119116 -2052 16
119166 -2052 16
119216 -2052 16
119266 -2052 16
119316 -2052 16
119366 -2052 16
119416 -2052 16
119466 -2052 16
119516 -2052 16
119566 -2052 16
119616 -2052 16
119666 -2052 16
119716 -2052 16
119766 -2052 16
119816 -2052 16
119866 -2052 16
119916 -2052 16
119966 -2052 16
120016 -2052 16
120066 -2052 16
120116 -2052 16
120166 -2052 16
120216 -2052 16
120266 -2052 16
120316 -2052 16
120366 -2052 16
120416 -2052 16
120466 -2052 16
120516 -2052 16
120566 -2052 16
120616 -2052 16
120666 -2052 16
120716 -2052 16
120766 -2052 16
120816 -2052 16
120866 -2052 16
120916 -2052 16
120966 -2052 16
121016 -2052 16
121066 -2052 16
121116 -2052 16
121166 -2052 16
121216 -2052 16
121266 -2052 16
121316 -2052 16
121366 -2052 16
121416 -2052 16
121466 -2052 16
121516 -2052 16
121566 -2052 16
121616 -2052 16
121666 -2052 16
121716 -2052 16
121766 -2052 16
121816 -2052 16
121866 -2052 16
121916 -2052 16
121966 -2052 16
122016 -2052 16
122066 -2052 16
122116 -2052 16
122166 -2052 16
122216 -2052 16
122266 -2052 16
122316 -2052 16
122366 -2052 16
122416 -2052 16
122466 -2052 16
122516 -2052 16
122566 -2052 16
122616 -2052 16
122666 -2052 16
122716 -2052 16
122766 -2052 16
122816 -2052 16
122866 -2052 16
122916 -2052 16
122966 -2052 16
123016 -2052 16
123066 -2052 16
123116 -2052 16
123166 -2052 16
123216 -2052 16
123266 -2052 16
123316 -2052 16
123366 -2052 16
123416 -2052 16
123466 -2052 16
123516 -2052 16
123566 -2052 16
123616 -2052 16
123666 -2052 16
123716 -2052 16
123766 -2052 16
123816 -2052 16
123866 -2052 16
123916 -2052 16
123966 -2052 16
124016 -2052 16
124066 -2052 16
124116 -2052 16
124166 -2052 16
124216 -2052 16
124266 -2052 16
124316 -2052 16
124366 -2052 16
124416 -2052 16
124466 -2052 16
124516 -2052 16
124566 -2052 16
124616 -2052 16
124666 -2052 16
124716 -2052 16
124766 -2052 16
124816 -2052 16
124866 -2052 16
124916 -2052 16
124966 -2052 16
125016 -2052 16
125066 -2052 16
125116 -2052 16
125166 -2052 16
125216 -2052 16
125266 -2052 16
125316 -2052 16
125366 -2052 16
125416 -2052 16
125466 -2052 16
125516 -2052 16
125566 -2052 16
125616 -2052 16
125666 -2052 16
125716 -2052 16
125766 -2052 16
125816 -2052 16
125866 -2052 16
125916 -2052 16
125966 -2052 16
126016 -2052 16
126066 -2052 16
126116 -2052 16
126166 -2052 16
126216 -2052 16
126266 -2052 16
126316 -2052 16
126366 -2052 16
126416 -2052 16
126466 -2052 16
126516 -2052 16
126566 -2052 16
126616 -2052 16
126666 -2052 16
126716 -2052 16
126766 -2052 16
126816 -2052 16
126866 -2052 16
126916 -2052 16
126966 -2052 16
127016 -2052 16
127066 -2052 16
127116 -2052 16
127166 -2052 16
127216 -2052 16
127266 -2052 16
127316 -2052 16
127366 -2052 16
127416 -2052 16
127466 -2052 16
127516 -2052 16
127566 -2052 16
127616 -2052 16
127666 -2052 16
127716 -2052 16
127766 -2052 16
127816 -2052 16
127866 -2052 16
127916 -2052 16
127966 -2052 16
128016 -2052 16
128066 -2052 16
128116 -2052 16
128166 -2052 16
128216 -2052 16
128266 -2052 16
128316 -2052 16
128366 -2052 16
128416 -2052 16
128466 -2052 16
128516 -2052 16
128566 -2052 16
128616 -2052 16
128666 -2052 16
128716 -2052 16
128766 -2052 16
128816 -2052 16
128866 -2052 16
128916 -2052 16
128966 -2052 16
129016 -2052 16
129066 -2052 16
129116 -2052 16
129166 -2052 16
129216 -2052 16
129266 -2052 16
129316 -2052 16
129366 -2052 16
129416 -2052 16
129466 -2052 16
129516 -2052 16
129566 -2052 16
129616 -2052 16
129666 -2052 16
129716 -2052 16
129766 -2052 16
129816 -2052 16
129866 -2052 16
129916 -2052 16
129966 -2052 16
130016 -2052 16
130066 -2052 16
130116 -2052 16
130166 -2052 16
130216 -2052 16
130266 -2052 16
130316 -2052 16
130366 -2052 16
130416 -2052 16
130466 -2052 16
130516 -2052 16
130566 -2052 16
130616 -2052 16
130666 -2052 16
130716 -2052 16
130766 -2052 16
130816 -2052 16
130866 -2052 16
130916 -2052 16
130966 -2052 16
131016 -2052 16
131066 -2052 16
131116 -2052 16
131166 -2052 16
131216 -2052 16
131266 -2052 16
131316 -2052 16
131366 -2052 16
131416 -2052 16
131466 -2052 16
131516 -2052 16
131566 -2052 16
131616 -2052 16
131666 -2052 16
131716 -2052 16
131766 -2052 16
131816 -2052 16
131866 -2052 16
131916 -2052 16
131966 -2052 16
132016 -2052 16
132066 -2052 16
132116 -2052 16
132166 -2052 16
132216 -2052 16
132266 -2052 16
132316 -2052 16
132366 -2052 16
132416 -2052 16
132466 -2052 16
132516 -2052 16
132566 -2052 16
132616 -2052 16
132666 -2052 16
132716 -2052 16
132766 -2052 16
132816 -2052 16
132866 -2052 16
132916 -2052 16
132966 -2052 16
133016 -2052 16
133066 -2052 16
133116 -2052 16
133166 -2052 16
133216 -2052 16
133266 -2052 16
133316 -2052 16
133366 -2052 16
133416 -2052 16
133466 -2052 16
133516 -2052 16
133566 -2052 16
133616 -2052 16
133666 -2052 16
133716 -2052 16
133766 -2052 16
133816 -2052 16
133866 -2052 16
133916 -2052 16
133966 -2052 16
134016 -2052 16
134066 -2052 16
134116 -2052 16
134166 -2052 16
134216 -2052 16
134266 -2052 16
134316 -2052 16
134366 -2052 16
134416 -2052 16
134466 -2052 16
134516 -2052 16
134566 -2052 16
134616 -2052 16
134666 -2052 16
134716 -2052 16
134766 -2052 16
134816 -2052 16
134866 -2052 16
134916 -2052 16
134966 -2052 16
135016 -2052 16
135066 -2052 16
135116 -2052 16
135166 -2052 16
135216 -2052 16
135266 -2052 16
135316 -2052 16
135366 -2052 16
135416 -2052 16
135466 -2052 16
135516 -2052 16
135566 -2052 16
135616 -2052 16
135666 -2052 16
135716 -2052 16
135766 -2052 16
135816 -2052 16
135866 -2052 16
135916 -2052 16
135966 -2052 16
136016 -2052 16
136066 -2052 16
136116 -2052 16
136166 -2052 16
136216 -2052 16
136266 -2052 16
136316 -2052 16
136366 -2052 16
136416 -2052 16
136466 -2052 16
136516 -2052 16
136566 -2052 16
136616 -2052 16
136666 -2052 16
136716 -2052 16
136766 -2052 16
136816 -2052 16
136866 -2052 16
136916 -2052 16
136966 -2052 16
137016 -2052 16
137066 -2052 16
137116 -2052 16
137166 -2052 16
137216 -2052 16
137266 -2052 16
137316 -2052 16
137366 -2052 16
137416 -2052 16
137466 -2052 16
137516 -2052 16
137566 -2052 16
137616 -2052 16
137666 -2052 16
137716 -2052 16
137766 -2052 16
137816 -2052 16
137866 -2052 16
137916 -2052 16
137966 -2052 16
138016 -2052 16
138066 -2052 16
138116 -2052 16
138166 -2052 16
138216 -2052 16
138266 -2052 16
138316 -2052 16
138366 -2052 16
138416 -2052 16
138466 -2052 16
138516 -2052 16
138566 -2052 16
138616 -2052 16
138666 -2052 16
138716 -2052 16
138766 -2052 16
138816 -2052 16
138866 -2052 16
138916 -2052 16
138966 -2052 16
139016 -2052 16
139066 -2052 16
139116 -2052 16
139166 -2052 16
139216 -2052 16
139266 -2052 16
139316 -2052 16
139366 -2052 16
139416 -2052 16
139466 -2052 16
139516 -2052 16
139566 -2052 16
139616 -2052 16
139666 -2052 16
139716 -2052 16
139766 -2052 16
139816 -2052 16
139866 -2052 16
139916 -2052 16
139966 -2052 16
140016 -2052 16
140066 -2052 16
140116 -2052 16
140166 -2052 16
140216 -2052 16
140266 -2052 16
140316 -2052 16
140366 -2052 16
140416 -2052 16
140466 -2052 16
140516 -2052 16
140566 -2052 16
140616 -2052 16
140666 -2052 16
140716 -2052 16
140766 -2052 16
140816 -2052 16
140866 -2052 16
140916 -2052 16
140966 -2052 16
141016 -2052 16
141066 -2052 16
141116 -2052 16
141166 -2052 16
141216 -2052 16
141266 -2052 16
141316 -2052 16
141366 -2052 16
141416 -2052 16
141466 -2052 16
141516 -2052 16
141566 -2052 16
141616 -2052 16
141666 -2052 16
141716 -2052 16
141766 -2052 16
141816 -2052 16
141866 -2052 16
141916 -2052 16
141966 -2052 16
142016 -2052 16
142066 -2052 16
142116 -2052 16
142166 -2052 16
142216 -2052 16
142266 -2052 16
142316 -2052 16
142366 -2052 16
142416 -2052 16
142466 -2052 16
142516 -2052 16
142566 -2052 16
142616 -2052 16
142666 -2052 16
142716 -2052 16
142766 -2052 16
142816 -2052 16
142866 -2052 16
142916 -2052 16
142966 -2052 16
143016 -2052 16
143066 -2052 16
143116 -2052 16
143166 -2052 16
143216 -2052 16
143266 -2052 16
143316 -2052 16
143366 -2052 16
143416 -2052 16
143466 -2052 16
