1648418526037 100 201
1648418530424 0 0
1648418534393 201 100
1648418538048 0 0
1648418540137 -111 -111
1648418547239 0 0
1648418553507 201 100
1648418559251 0 0
1648418564160 -111 -111
1648418576684 201 100
1648418582230 0 0
1648418583800 111 111
1648418592779 0 0
1648418596331 74 124
1648418604871 111 111
1648418636883 201 100
1648418652029 74 124
1648418665438 0 0
1648418666719 -111 -111
1648418674975 87 162
1648418685628 0 0
1648418687196 -111 -111
1648418700460 87 162
1648418708608 223 223
1648418713517 87 162
1648418718948 223 223
1648418758142 87 162
1648418765826 0 0
