1029101 5449 16832
1029151 5449 16832
1029201 5449 16832
1029251 5449 16832
1029301 5449 16832
1029351 5449 16832
1029401 5449 16832
1029451 5449 16832
1029501 5449 16832
1029551 5449 16832
1029601 5449 16832
1029651 5449 16832
1029701 5449 16832
1029751 5449 16832
1029801 5449 16832
1029851 5449 16832
1029901 5449 16832
1029951 5449 16832
1030001 5449 16832
1030051 5449 16832
1030101 5449 16832
1030151 5449 16832
1030201 5449 16832
1030251 5449 16832
1030301 5449 16832
1030351 5449 16832
1030401 5449 16832
1030451 5449 16832
1030501 5449 16832
1030551 5449 16832
1030601 5449 16832
1030651 5449 16832
1030701 5449 16832
1030751 5449 16832
1030801 5449 16832
1030851 5449 16832
1030901 5449 16832
1030951 5449 16832
1031001 5449 16832
1031051 5449 16832
1031101 5449 16832
1031151 5449 16832
1031201 5449 16832
1031251 5449 16832
1031301 5449 16832
1031351 5449 16832
1031401 5449 16832
1031451 5449 16832
1031501 5449 16832
1031551 5449 16832
1031601 5449 16832
1031651 5449 16832
1031701 5449 16832
1031751 5449 16832
1031801 5449 16832
1031851 5449 16832
1031901 5449 16832
1031951 5449 16832
1032001 5477 16858
1032051 5503 16881
1032101 5539 16914
1032151 5577 16962
1032201 5627 17014
1032251 5671 17071
1032301 5718 17131
1032351 5767 17192
1032401 5815 17251
1032451 5869 17312
1032501 5918 17373
1032551 5967 17434
1032601 6018 17497
1032651 6069 17558
1032701 6122 17619
1032751 6173 17681
1032801 6219 17742
1032851 6270 17805
1032901 6317 17867
1032951 6365 17930
1033001 6423 17993
1033051 6470 18055
1033101 6515 18117
1033151 6566 18179
1033201 6611 18241
1033251 6662 18303
1033301 6717 18366
1033351 6763 18430
1033401 6811 18493
1033451 6859 18557
1033501 6906 18620
1033551 6955 18682
1033601 7000 18743
1033651 7045 18805
1033701 7095 18867
1033751 7137 18929
1033801 7187 18989
1033851 7242 19050
1033901 7287 19113
1033951 7329 19175
1034001 7375 19238
1034051 7419 19301
1034101 7462 19363
1034151 7507 19425
1034201 7553 19487
1034251 7595 19550
1034301 7638 19612
1034351 7677 19674
1034401 7730 19735
1034451 7771 19797
1034501 7810 19858
1034551 7857 19921
1034601 7891 19983
1034651 7939 20048
1034701 7983 20112
1034751 8027 20175
1034801 8071 20237
1034851 8111 20299
1034901 8151 20362
1034951 8193 20425
1035001 8246 20485
1035051 8291 20546
1035101 8335 20607
1035151 8374 20670
1035201 8417 20733
1035251 8465 20797
1035301 8513 20859
1035351 8555 20922
1035401 8595 20985
1035451 8630 21047
1035501 8674 21111
1035551 8730 21174
1035601 8777 21238
1035651 8819 21301
1035701 8857 21363
1035751 8899 21425
1035801 8943 21489
1035851 8990 21551
1035901 9033 21614
1035951 9077 21677
1036001 9122 21740
1036051 9163 21804
1036101 9199 21867
1036151 9250 21930
1036201 9300 21992
1036251 9346 22054
1036301 9389 22116
1036351 9427 22178
1036401 9475 22239
1036451 9517 22300
1036501 9559 22362
1036551 9603 22425
1036601 9651 22489
1036651 9686 22552
1036701 9733 22614
1036751 9783 22676
1036801 9829 22738
1036851 9875 22800
1036901 9923 22862
1036951 9970 22925
1037001 10021 22986
1037051 10075 23047
1037101 10122 23109
1037151 10169 23171
1037201 10215 23234
1037251 10259 23298
1037301 10311 23362
1037351 10363 23425
1037401 10411 23487
1037451 10461 23550
1037501 10509 23613
1037551 10553 23674
1037601 10606 23734
1037651 10653 23795
1037701 10699 23857
1037751 10749 23919
1037801 10787 23982
1037851 10838 24045
1037901 10893 24107
1037951 10939 24169
1038001 10986 24231
1038051 11033 24294
1038101 11081 24358
1038151 11133 24422
1038201 11189 24485
1038251 11235 24548
1038301 11282 24611
1038351 11333 24673
1038401 11381 24737
1038451 11431 24799
1038501 11487 24862
1038551 11535 24925
1038601 11583 24989
1038651 11635 25053
1038701 11683 25116
1038751 11733 25178
1038801 11787 25240
1038851 11833 25303
1038901 11879 25365
1038951 11931 25427
1039001 11978 25488
1039051 12029 25549
1039101 12083 25611
1039151 12131 25674
1039201 12178 25737
1039251 12225 25801
1039301 12273 25863
1039351 12327 25925
1039401 12378 25987
1039451 12424 26050
1039501 12475 26113
1039551 12522 26174
1039601 12569 26235
1039651 12627 26297
1039701 12673 26359
1039751 12723 26421
1039801 12775 26484
1039851 12823 26548
1039901 12875 26611
1039951 12931 26675
1040001 12981 26737
1040051 13030 26801
1040101 13077 26864
1040151 13126 26926
1040201 13175 26986
1040251 13230 27048
1040301 13281 27111
1040351 13297 27142
1040401 13303 27142
1040451 13317 27142
1040501 13327 27142
1040551 13331 27141
1040601 13331 27141
1040651 13329 27139
1040701 13329 27139
1040751 13329 27139
1040801 13329 27139
1040851 13329 27139
1040901 13329 27139
1040951 13329 27139
1041001 13329 27139
1041051 13329 27139
1041101 13329 27139
1041151 13329 27139
1041201 13329 27139
1041251 13329 27139
1041301 13329 27139
1041351 13329 27139
1041401 13329 27139
1041451 13329 27139
1041501 13329 27139
1041551 13329 27139
1041601 13329 27139
1041651 13329 27139
1041701 13329 27139
1041751 13329 27139
1041801 13329 27139
1041851 13329 27139
1041901 13329 27139
1041951 13329 27139
1042001 13329 27139
1042051 13329 27139
1042101 13329 27139
1042151 13329 27139
1042201 13329 27139
1042251 13329 27139
1042301 13329 27139
1042351 13329 27139
1042401 13329 27139
1042451 13329 27139
1042501 13329 27139
1042551 13329 27139
1042601 13329 27139
1042651 13329 27139
1042701 13329 27139
1042751 13329 27139
1042801 13329 27139
1042851 13329 27139
1042901 13329 27139
1042951 13329 27139
1043001 13329 27139
1043051 13329 27139
1043101 13329 27139
1043151 13329 27139
1043201 13329 27139
1043251 13329 27139
1043301 13329 27139
1043351 13329 27139
1043401 13329 27139
1043451 13329 27139
1043501 13329 27139
1043551 13329 27139
1043601 13329 27139
1043651 13329 27139
1043701 13329 27139
1043751 13329 27139
1043801 13329 27139
1043851 13329 27139
1043901 13329 27139
1043951 13329 27139
1044001 13329 27139
1044051 13329 27139
1044101 13329 27139
