1420331 -11850641 -6972972
1420381 -11850641 -6972972
1420431 -11850641 -6972972
1420481 -11850641 -6972972
1420531 -11850641 -6972972
1420581 -11850641 -6972972
1420631 -11850641 -6972972
1420681 -11850641 -6972972
1420731 -11850641 -6972972
1420781 -11850641 -6972972
1420831 -11850641 -6972972
1420881 -11850641 -6972972
1420931 -11850641 -6972972
1420981 -11850641 -6972972
1421031 -11850641 -6972972
1421081 -11850641 -6972972
1421131 -11850641 -6972972
1421181 -11850641 -6972972
1421231 -11850641 -6972972
1421281 -11850641 -6972972
1421331 -11850641 -6972972
1421381 -11850641 -6972972
1421431 -11850641 -6972972
1421481 -11850641 -6972972
1421531 -11850641 -6972972
1421581 -11850641 -6972972
1421631 -11850641 -6972972
1421681 -11850641 -6972972
1421731 -11850641 -6972972
1421781 -11850641 -6972972
1421831 -11850641 -6972972
1421881 -11850641 -6972972
1421931 -11850641 -6972972
1421981 -11850641 -6972972
1422031 -11850641 -6972972
1422081 -11850641 -6972972
1422131 -11850641 -6972972
1422181 -11850641 -6972972
1422231 -11850641 -6972972
1422281 -11850641 -6972972
1422331 -11850641 -6972972
1422381 -11850641 -6972972
1422431 -11850641 -6972972
1422481 -11850641 -6972972
1422531 -11850641 -6972972
1422581 -11850641 -6972972
1422631 -11850641 -6972972
1422681 -11850641 -6972972
1422731 -11850641 -6972972
1422781 -11850641 -6972972
1422831 -11850641 -6972972
1422881 -11850641 -6972972
1422931 -11850641 -6972972
1422981 -11850641 -6972972
1423031 -11850641 -6972972
1423081 -11850641 -6972972
1423131 -11850641 -6972972
1423181 -11850641 -6972972
1423231 -11850641 -6972972
1423281 -11850641 -6972972
1423331 -11850641 -6972972
1423381 -11850641 -6972972
1423431 -11850641 -6972972
1423481 -11850641 -6972972
1423531 -11850641 -6972972
1423581 -11850641 -6972972
1423631 -11850641 -6972972
1423681 -11850641 -6972972
1423731 -11850641 -6972972
1423781 -11850641 -6972972
1423831 -11850625 -6972941
1423881 -11850600 -6972914
1423931 -11850565 -6972894
1423981 -11850519 -6972848
1424031 -11850480 -6972798
1424081 -11850436 -6972744
1424131 -11850389 -6972686
1424181 -11850335 -6972626
1424231 -11850287 -6972563
1424281 -11850237 -6972500
1424331 -11850185 -6972437
1424381 -11850139 -6972375
1424431 -11850089 -6972313
1424481 -11850033 -6972251
1424531 -11849985 -6972188
1424581 -11849939 -6972127
1424631 -11849887 -6972066
1424681 -11849837 -6972003
1424731 -11849787 -6971940
1424781 -11849731 -6971878
1424831 -11849683 -6971815
1424881 -11849635 -6971753
1424931 -11849585 -6971691
1424981 -11849539 -6971630
1425031 -11849489 -6971569
1425081 -11849435 -6971508
1425131 -11849388 -6971446
1425181 -11849341 -6971384
1425231 -11849289 -6971323
1425281 -11849243 -6971261
1425331 -11849187 -6971199
1425381 -11849136 -6971137
1425431 -11849089 -6971074
1425481 -11849041 -6971010
1425531 -11848989 -6970947
1425581 -11848941 -6970883
1425631 -11848888 -6970820
1425681 -11848831 -6970757
1425731 -11848784 -6970695
1425781 -11848737 -6970632
1425831 -11848687 -6970570
1425881 -11848635 -6970507
1425931 -11848583 -6970444
1425981 -11848527 -6970381
1426031 -11848479 -6970317
1426081 -11848431 -6970254
1426131 -11848380 -6970191
1426181 -11848333 -6970128
1426231 -11848281 -6970064
1426281 -11848225 -6970001
1426331 -11848176 -6969936
1426381 -11848127 -6969872
1426431 -11848075 -6969808
1426481 -11848027 -6969744
1426531 -11847979 -6969680
1426581 -11847925 -6969618
1426631 -11847874 -6969555
1426681 -11847827 -6969492
1426731 -11847775 -6969429
1426781 -11847727 -6969365
1426831 -11847677 -6969301
1426881 -11847624 -6969238
1426931 -11847569 -6969174
1426981 -11847523 -6969111
1427031 -11847475 -6969047
1427081 -11847423 -6968984
1427131 -11847375 -6968920
1427181 -11847327 -6968858
1427231 -11847272 -6968795
1427281 -11847225 -6968732
1427331 -11847179 -6968668
1427381 -11847127 -6968605
1427431 -11847077 -6968542
1427481 -11847027 -6968479
1427531 -11846974 -6968418
1427581 -11846928 -6968356
1427631 -11846881 -6968294
1427681 -11846831 -6968233
1427731 -11846784 -6968171
1427781 -11846729 -6968110
1427831 -11846679 -6968048
1427881 -11846632 -6967986
1427931 -11846581 -6967924
1427981 -11846535 -6967861
1428031 -11846484 -6967797
1428081 -11846428 -6967734
1428131 -11846380 -6967670
1428181 -11846332 -6967607
1428231 -11846280 -6967544
1428281 -11846232 -6967482
1428331 -11846181 -6967420
1428381 -11846123 -6967358
1428431 -11846077 -6967295
1428481 -11846030 -6967232
1428531 -11845979 -6967170
1428581 -11845933 -6967107
1428631 -11845881 -6967044
1428681 -11845827 -6966982
1428731 -11845780 -6966919
1428781 -11845734 -6966857
1428831 -11845683 -6966794
1428881 -11845631 -6966730
1428931 -11845583 -6966666
1428981 -11845527 -6966602
1429031 -11845479 -6966538
1429081 -11845432 -6966475
1429131 -11845381 -6966412
1429181 -11845335 -6966350
1429231 -11845283 -6966288
1429281 -11845227 -6966226
1429331 -11845180 -6966162
1429381 -11845131 -6966099
1429431 -11845079 -6966035
1429481 -11845031 -6965972
1429531 -11844980 -6965910
1429581 -11844927 -6965848
1429631 -11844879 -6965785
1429681 -11844831 -6965722
1429731 -11844780 -6965660
1429781 -11844733 -6965599
1429831 -11844681 -6965538
1429881 -11844627 -6965475
1429931 -11844580 -6965412
1429981 -11844533 -6965348
1430031 -11844481 -6965286
1430081 -11844435 -6965224
1430131 -11844384 -6965163
1430181 -11844331 -6965101
1430231 -11844283 -6965039
1430281 -11844236 -6964978
1430331 -11844185 -6964915
1430381 -11844139 -6964852
1430431 -11844083 -6964790
1430481 -11844031 -6964728
1430531 -11843984 -6964666
1430581 -11843941 -6964602
1430631 -11843889 -6964538
1430681 -11843841 -6964474
1430731 -11843788 -6964411
1430781 -11843732 -6964347
1430831 -11843683 -6964283
1430881 -11843635 -6964220
1430931 -11843585 -6964158
1430981 -11843539 -6964096
1431031 -11843487 -6964032
1431081 -11843432 -6963970
1431131 -11843384 -6963907
1431181 -11843337 -6963843
1431231 -11843285 -6963780
1431281 -11843239 -6963716
1431331 -11843187 -6963654
1431381 -11843132 -6963590
1431431 -11843079 -6963526
1431481 -11843031 -6963462
1431531 -11842978 -6963397
1431581 -11842929 -6963332
1431631 -11842881 -6963268
1431681 -11842823 -6963204
1431731 -11842775 -6963140
1431781 -11842723 -6963077
1431831 -11842671 -6963014
1431881 -11842623 -6962950
1431931 -11842573 -6962884
1431981 -11842520 -6962820
1432031 -11842463 -6962756
1432081 -11842416 -6962692
1432131 -11842365 -6962630
1432181 -11842315 -6962567
1432231 -11842267 -6962504
1432281 -11842215 -6962441
1432331 -11842159 -6962378
1432381 -11842112 -6962316
1432431 -11842065 -6962254
1432481 -11842015 -6962191
1432531 -11841961 -6962127
1432581 -11841909 -6962063
1432631 -11841855 -6962000
1432681 -11841808 -6961938
1432731 -11841763 -6961877
1432781 -11841711 -6961815
1432831 -11841665 -6961752
1432881 -11841611 -6961690
1432931 -11841559 -6961628
1432981 -11841512 -6961566
1433031 -11841464 -6961503
1433081 -11841413 -6961440
1433131 -11841365 -6961378
1433181 -11841311 -6961314
1433231 -11841259 -6961250
1433281 -11841211 -6961186
1433331 -11841163 -6961123
1433381 -11841111 -6961059
1433431 -11841063 -6960996
1433481 -11841012 -6960934
1433531 -11840957 -6960871
1433581 -11840907 -6960809
1433631 -11840856 -6960747
1433681 -11840801 -6960684
1433731 -11840753 -6960620
1433781 -11840699 -6960557
1433831 -11840647 -6960494
1433881 -11840600 -6960432
1433931 -11840553 -6960368
1433981 -11840502 -6960305
1434031 -11840451 -6960241
1434081 -11840397 -6960176
1434131 -11840341 -6960112
1434181 -11840295 -6960048
1434231 -11840247 -6959986
1434281 -11840197 -6959923
1434331 -11840149 -6959860
1434381 -11840095 -6959798
1434431 -11840039 -6959735
1434481 -11839991 -6959672
1434531 -11839943 -6959610
1434581 -11839891 -6959547
1434631 -11839843 -6959483
1434681 -11839789 -6959422
1434731 -11839735 -6959359
1434781 -11839688 -6959297
1434831 -11839641 -6959234
1434881 -11839589 -6959171
1434931 -11839543 -6959110
1434981 -11839487 -6959049
1435031 -11839436 -6958987
1435081 -11839389 -6958924
1435131 -11839339 -6958861
1435181 -11839291 -6958798
1435231 -11839244 -6958735
1435281 -11839187 -6958675
1435331 -11839140 -6958614
1435381 -11839093 -6958552
1435431 -11839043 -6958491
1435481 -11838996 -6958428
1435531 -11838945 -6958367
1435581 -11838891 -6958305
1435631 -11838843 -6958243
1435681 -11838796 -6958182
1435731 -11838745 -6958119
1435781 -11838699 -6958056
1435831 -11838644 -6957994
1435881 -11838588 -6957930
1435931 -11838540 -6957867
1435981 -11838493 -6957804
1436031 -11838441 -6957741
1436081 -11838395 -6957680
1436131 -11838345 -6957618
1436181 -11838291 -6957556
1436231 -11838244 -6957494
1436281 -11838196 -6957431
1436331 -11838147 -6957368
1436381 -11838099 -6957305
1436431 -11838045 -6957243
1436481 -11837995 -6957180
1436531 -11837947 -6957118
1436581 -11837896 -6957054
1436631 -11837852 -6956991
1436681 -11837803 -6956926
1436731 -11837748 -6956863
1436781 -11837697 -6956800
1436831 -11837651 -6956736
1436881 -11837599 -6956674
1436931 -11837552 -6956612
1436981 -11837505 -6956549
1437031 -11837449 -6956487
1437081 -11837397 -6956425
1437131 -11837349 -6956362
1437181 -11837301 -6956299
1437231 -11837250 -6956236
1437281 -11837199 -6956174
1437331 -11837145 -6956112
1437381 -11837095 -6956050
1437431 -11837047 -6955987
1437481 -11836996 -6955924
1437531 -11836949 -6955863
1437581 -11836901 -6955802
1437631 -11836843 -6955741
1437681 -11836796 -6955678
1437731 -11836749 -6955615
1437781 -11836697 -6955552
1437831 -11836651 -6955490
1437881 -11836601 -6955429
1437931 -11836547 -6955368
1437981 -11836500 -6955307
1438031 -11836455 -6955245
1438081 -11836404 -6955184
1438131 -11836361 -6955122
1438181 -11836307 -6955060
1438231 -11836256 -6954998
1438281 -11836209 -6954936
1438331 -11836159 -6954874
1438381 -11836111 -6954811
1438431 -11836063 -6954748
1438481 -11836007 -6954684
1438531 -11835955 -6954621
1438581 -11835907 -6954558
1438631 -11835859 -6954495
1438681 -11835809 -6954433
1438731 -11835763 -6954371
1438781 -11835708 -6954309
1438831 -11835657 -6954246
1438881 -11835611 -6954183
1438931 -11835559 -6954120
1438981 -11835512 -6954057
1439031 -11835465 -6953994
1439081 -11835407 -6953932
1439131 -11835359 -6953869
1439181 -11835311 -6953806
1439231 -11835259 -6953742
1439281 -11835211 -6953677
1439331 -11835163 -6953614
1439381 -11835109 -6953551
1439431 -11835058 -6953488
1439481 -11835011 -6953425
1439531 -11834959 -6953363
1439581 -11834911 -6953300
1439631 -11834863 -6953237
1439681 -11834807 -6953174
1439731 -11834755 -6953110
1439781 -11834707 -6953047
1439831 -11834660 -6952985
1439881 -11834609 -6952922
1439931 -11834561 -6952860
1439981 -11834507 -6952798
1440031 -11834455 -6952735
1440081 -11834407 -6952672
1440131 -11834360 -6952610
1440181 -11834308 -6952549
1440231 -11834261 -6952488
1440281 -11834209 -6952424
1440331 -11834155 -6952361
1440381 -11834099 -6952300
1440431 -11834027 -6952256
1440481 -11833956 -6952214
1440531 -11833884 -6952164
1440581 -11833815 -6952114
1440631 -11833739 -6952062
1440681 -11833669 -6952004
1440731 -11833597 -6951949
1440781 -11833519 -6951883
1440831 -11833438 -6951823
1440881 -11833366 -6951771
1440931 -11833285 -6951712
1440981 -11833199 -6951658
1441031 -11833110 -6951598
1441081 -11833023 -6951534
1441131 -11832947 -6951461
1441181 -11832866 -6951391
1441231 -11832787 -6951327
1441281 -11832700 -6951253
1441331 -11832615 -6951181
1441381 -11832529 -6951114
1441431 -11832449 -6951040
1441481 -11832364 -6950965
1441531 -11832277 -6950892
1441581 -11832195 -6950829
1441631 -11832110 -6950767
1441681 -11832030 -6950694
1441731 -11831942 -6950635
1441781 -11831857 -6950563
1441831 -11831774 -6950491
1441881 -11831699 -6950431
1441931 -11831620 -6950356
1441981 -11831537 -6950287
1442031 -11831452 -6950216
1442081 -11831370 -6950141
1442131 -11831289 -6950060
1442181 -11831210 -6949982
1442231 -11831128 -6949908
1442281 -11831047 -6949842
1442331 -11830966 -6949777
1442381 -11830886 -6949701
1442431 -11830804 -6949634
1442481 -11830727 -6949563
1442531 -11830650 -6949495
1442581 -11830565 -6949426
1442631 -11830487 -6949358
1442681 -11830407 -6949291
1442731 -11830323 -6949224
1442781 -11830243 -6949155
1442831 -11830159 -6949081
1442881 -11830078 -6949002
1442931 -11829999 -6948921
1442981 -11829912 -6948857
1443031 -11829837 -6948791
1443081 -11829756 -6948721
1443131 -11829671 -6948662
1443181 -11829589 -6948597
1443231 -11829500 -6948524
1443281 -11829419 -6948460
1443331 -11829334 -6948389
1443381 -11829251 -6948318
1443431 -11829170 -6948248
1443481 -11829086 -6948184
1443531 -11829007 -6948114
1443581 -11828925 -6948041
1443631 -11828835 -6947971
1443681 -11828745 -6947904
1443731 -11828665 -6947840
1443781 -11828583 -6947770
1443831 -11828509 -6947702
1443881 -11828433 -6947629
1443931 -11828349 -6947554
1443981 -11828267 -6947490
1444031 -11828185 -6947418
1444081 -11828108 -6947344
1444131 -11828029 -6947274
1444181 -11827947 -6947198
1444231 -11827863 -6947134
1444281 -11827779 -6947082
1444331 -11827696 -6947008
1444381 -11827623 -6946941
1444431 -11827540 -6946870
1444481 -11827460 -6946813
1444531 -11827381 -6946738
1444581 -11827295 -6946673
1444631 -11827219 -6946607
1444681 -11827133 -6946531
1444731 -11827050 -6946458
1444781 -11826966 -6946391
1444831 -11826884 -6946320
1444881 -11826803 -6946245
1444931 -11826719 -6946173
1444981 -11826641 -6946100
1445031 -11826565 -6946021
1445081 -11826487 -6945964
1445131 -11826406 -6945904
1445181 -11826328 -6945829
1445231 -11826252 -6945767
1445281 -11826166 -6945698
1445331 -11826080 -6945622
1445381 -11825996 -6945551
1445431 -11825914 -6945472
1445481 -11825833 -6945397
1445531 -11825755 -6945325
1445581 -11825676 -6945255
1445631 -11825604 -6945184
1445681 -11825522 -6945111
1445731 -11825436 -6945042
1445781 -11825361 -6944982
1445831 -11825275 -6944910
1445881 -11825191 -6944838
1445931 -11825111 -6944774
1445981 -11825030 -6944712
1446031 -11824944 -6944640
1446081 -11824870 -6944575
1446131 -11824794 -6944505
1446181 -11824716 -6944435
1446231 -11824640 -6944371
1446281 -11824553 -6944292
1446331 -11824471 -6944232
1446381 -11824390 -6944165
1446431 -11824308 -6944102
1446481 -11824224 -6944035
1446531 -11824142 -6943962
1446581 -11824058 -6943891
1446631 -11823979 -6943824
1446681 -11823898 -6943759
1446731 -11823817 -6943691
1446781 -11823737 -6943622
1446831 -11823657 -6943555
1446881 -11823575 -6943481
1446931 -11823487 -6943411
1446981 -11823410 -6943339
1447031 -11823330 -6943267
1447081 -11823250 -6943193
1447131 -11823170 -6943117
1447181 -11823090 -6943040
1447231 -11823007 -6942969
1447281 -11822926 -6942898
1447331 -11822844 -6942836
1447381 -11822764 -6942770
1447431 -11822680 -6942711
1447481 -11822601 -6942646
1447531 -11822527 -6942568
1447581 -11822451 -6942451
1447631 -11822374 -6942338
1447681 -11822285 -6942225
1447731 -11822209 -6942115
1447781 -11822125 -6942006
1447831 -11822037 -6941896
1447881 -11821943 -6941782
1447931 -11821851 -6941665
1447981 -11821761 -6941547
1448031 -11821667 -6941428
1448081 -11821579 -6941309
1448131 -11821482 -6941192
1448181 -11821389 -6941076
1448231 -11821297 -6940961
1448281 -11821201 -6940844
1448331 -11821111 -6940728
1448381 -11821013 -6940612
1448431 -11820922 -6940495
1448481 -11820814 -6940376
1448531 -11820722 -6940257
1448581 -11820631 -6940140
1448631 -11820538 -6940023
1448681 -11820447 -6939904
1448731 -11820342 -6939785
1448781 -11820251 -6939666
1448831 -11820151 -6939549
1448881 -11820061 -6939431
1448931 -11819958 -6939312
1448981 -11819869 -6939194
1449031 -11819777 -6939075
1449081 -11819679 -6938956
1449131 -11819591 -6938840
1449181 -11819490 -6938723
1449231 -11819401 -6938606
1449281 -11819305 -6938490
1449331 -11819215 -6938372
1449381 -11819115 -6938253
1449431 -11819026 -6938134
1449481 -11818930 -6938014
1449531 -11818839 -6937896
1449581 -11818746 -6937780
1449631 -11818653 -6937664
1449681 -11818563 -6937547
1449731 -11818458 -6937431
1449781 -11818369 -6937315
1449831 -11818265 -6937196
1449881 -11818173 -6937077
1449931 -11818077 -6936958
1449981 -11817986 -6936840
1450031 -11817895 -6936722
1450081 -11817790 -6936603
1450131 -11817697 -6936482
1450181 -11817598 -6936364
1450231 -11817509 -6936247
1450281 -11817414 -6936128
1450331 -11817323 -6936010
1450381 -11817229 -6935893
1450431 -11817135 -6935775
1450481 -11817046 -6935658
1450531 -11816953 -6935543
1450581 -11816859 -6935428
1450631 -11816757 -6935313
1450681 -11816670 -6935199
1450731 -11816565 -6935083
1450781 -11816475 -6934965
1450831 -11816377 -6934848
1450881 -11816285 -6934729
1450931 -11816194 -6934612
1450981 -11816099 -6934498
1451031 -11816002 -6934383
1451081 -11815905 -6934267
1451131 -11815813 -6934152
1451181 -11815711 -6934037
1451231 -11815621 -6933920
1451281 -11815517 -6933802
1451331 -11815423 -6933685
1451381 -11815322 -6933567
1451431 -11815229 -6933450
1451481 -11815135 -6933332
1451531 -11815029 -6933214
1451581 -11814934 -6933096
1451631 -11814828 -6932979
1451681 -11814737 -6932860
1451731 -11814637 -6932743
1451781 -11814551 -6932625
1451831 -11814453 -6932506
1451881 -11814357 -6932391
1451931 -11814265 -6932275
1451981 -11814169 -6932159
1452031 -11814077 -6932043
1452081 -11813977 -6931924
1452131 -11813881 -6931806
1452181 -11813781 -6931688
1452231 -11813689 -6931571
1452281 -11813593 -6931452
1452331 -11813501 -6931336
1452381 -11813405 -6931222
1452431 -11813313 -6931106
1452481 -11813223 -6930991
1452531 -11813126 -6930875
1452581 -11813034 -6930759
1452631 -11812933 -6930640
1452681 -11812841 -6930520
1452731 -11812746 -6930402
1452781 -11812651 -6930283
1452831 -11812559 -6930165
1452881 -11812459 -6930048
1452931 -11812367 -6929931
1452981 -11812271 -6929814
1453031 -11812181 -6929696
1453081 -11812082 -6929577
1453131 -11811993 -6929460
1453181 -11811903 -6929342
1453231 -11811810 -6929223
1453281 -11811719 -6929110
1453331 -11811629 -6928994
1453381 -11811537 -6928878
1453431 -11811449 -6928765
1453481 -11811358 -6928650
1453531 -11811266 -6928533
1453581 -11811178 -6928419
1453631 -11811078 -6928304
1453681 -11810987 -6928185
1453731 -11810889 -6928071
1453781 -11810801 -6927957
1453831 -11810705 -6927841
1453881 -11810616 -6927727
1453931 -11810521 -6927612
1453981 -11810429 -6927496
1454031 -11810334 -6927379
1454081 -11810241 -6927262
1454131 -11810146 -6927145
1454181 -11810046 -6927028
1454231 -11809954 -6926910
1454281 -11809854 -6926793
1454331 -11809765 -6926676
1454381 -11809666 -6926558
1454431 -11809575 -6926441
1454481 -11809477 -6926322
1454531 -11809379 -6926205
1454581 -11809285 -6926087
1454631 -11809186 -6925969
1454681 -11809100 -6925855
1454731 -11809001 -6925739
1454781 -11808909 -6925625
1454831 -11808814 -6925510
1454881 -11808724 -6925394
1454931 -11808625 -6925277
1454981 -11808531 -6925162
1455031 -11808433 -6925045
1455081 -11808337 -6924926
1455131 -11808243 -6924810
1455181 -11808143 -6924696
1455231 -11808049 -6924579
1455281 -11807944 -6924464
1455331 -11807855 -6924348
1455381 -11807754 -6924231
1455431 -11807657 -6924112
1455481 -11807566 -6923994
1455531 -11807463 -6923876
1455581 -11807367 -6923757
1455631 -11807266 -6923639
1455681 -11807175 -6923521
1455731 -11807291 -6924282
1455781 -11807243 -6924811
1455831 -11807115 -6925127
1455881 -11806978 -6925502
1455931 -11806854 -6925817
1455981 -11806750 -6926145
1456031 -11806655 -6926412
1456081 -11806566 -6926651
1456131 -11806489 -6926910
1456181 -11806418 -6927156
1456231 -11806363 -6927399
1456281 -11806324 -6927632
1456331 -11806289 -6927903
1456381 -11806264 -6928226
1456431 -11806241 -6928525
1456481 -11806223 -6928815
1456531 -11806209 -6929172
1456581 -11806199 -6929534
1456631 -11806191 -6930087
1456681 -11806186 -6930669
1456731 -11806174 -6930936
1456781 -11806169 -6931202
1456831 -11806160 -6931449
1456881 -11806154 -6931722
1456931 -11806151 -6932355
1456981 -11806151 -6933286
1457031 -11806151 -6934134
1457081 -11806151 -6935044
1457131 -11806150 -6935904
1457181 -11806150 -6936921
1457231 -11806157 -6937255
1457281 -11806176 -6937257
1457331 -11806194 -6937269
1457381 -11806206 -6937271
1457431 -11806209 -6937269
1457481 -11806209 -6937268
1457531 -11806209 -6937267
1457581 -11806209 -6937267
1457631 -11806209 -6937267
1457681 -11806209 -6937267
1457731 -11806209 -6937267
1457781 -11806209 -6937267
1457831 -11806209 -6937267
1457881 -11806209 -6937267
1457931 -11806209 -6937267
1457981 -11806209 -6937267
1458031 -11806209 -6937267
1458081 -11806209 -6937267
1458131 -11806209 -6937267
1458181 -11806209 -6937267
1458231 -11806209 -6937267
1458281 -11806209 -6937267
1458331 -11806209 -6937267
1458381 -11806209 -6937267
1458431 -11806209 -6937267
1458481 -11806209 -6937267
1458531 -11806209 -6937267
1458581 -11806209 -6937267
1458631 -11806209 -6937267
1458681 -11806209 -6937267
1458731 -11806209 -6937267
1458781 -11806209 -6937267
1458831 -11806209 -6937267
1458881 -11806209 -6937267
1458931 -11806209 -6937267
1458981 -11806209 -6937267
1459031 -11806209 -6937267
1459081 -11806209 -6937267
1459131 -11806209 -6937267
1459181 -11806209 -6937267
1459231 -11806209 -6937267
1459281 -11806209 -6937267
1459331 -11806209 -6937267
1459381 -11806209 -6937267
1459431 -11806209 -6937267
1459481 -11806209 -6937267
1459531 -11806209 -6937267
1459581 -11806209 -6937267
1459631 -11806209 -6937267
1459681 -11806209 -6937267
1459731 -11806209 -6937267
1459781 -11806209 -6937267
1459831 -11806209 -6937267
1459881 -11806209 -6937267
1459931 -11806209 -6937267
1459981 -11806209 -6937267
1460031 -11806209 -6937267
1460081 -11806209 -6937267
1460131 -11806209 -6937267
1460181 -11806209 -6937267
1460231 -11806209 -6937267
1460281 -11806209 -6937267
1460331 -11806209 -6937267
1460381 -11806209 -6937267
1460431 -11806209 -6937267
1460481 -11806209 -6937267
1460531 -11806209 -6937267
1460581 -11806209 -6937267
1460631 -11806209 -6937267
1460681 -11806209 -6937267
1460731 -11806209 -6937267
1460781 -11806209 -6937267
1460831 -11806209 -6937267
1460881 -11806209 -6937267
1460931 -11806209 -6937267
1460981 -11806209 -6937267
1461031 -11806209 -6937267
1461081 -11806209 -6937267
1461131 -11806209 -6937267
1461181 -11806209 -6937267
1461231 -11806209 -6937267
1461281 -11806209 -6937267
1461331 -11806209 -6937267
1461381 -11806209 -6937267
1461431 -11806209 -6937267
1461481 -11806209 -6937267
1461531 -11806209 -6937267
1461581 -11806209 -6937267
1461631 -11806209 -6937267
1461681 -11806209 -6937267
1461731 -11806209 -6937267
1461781 -11806209 -6937267
1461831 -11806209 -6937267
1461881 -11806209 -6937267
1461931 -11806209 -6937267
1461981 -11806209 -6937267
1462031 -11806209 -6937267
1462081 -11806209 -6937267
1462131 -11806209 -6937267
1462181 -11806209 -6937267
1462231 -11806209 -6937267
1462281 -11806209 -6937267
1462331 -11806209 -6937267
1462381 -11806209 -6937267
1462431 -11806209 -6937267
1462481 -11806209 -6937267
1462531 -11806209 -6937267
1462581 -11806209 -6937267
1462631 -11806209 -6937267
1462681 -11806209 -6937267
1462731 -11806209 -6937267
1462781 -11806209 -6937267
1462831 -11806209 -6937267
1462881 -11806209 -6937267
1462931 -11806209 -6937267
1462981 -11806209 -6937267
1463031 -11806209 -6937267
1463081 -11806209 -6937267
1463131 -11806209 -6937267
1463181 -11806209 -6937267
1463231 -11806209 -6937267
1463281 -11806209 -6937267
1463331 -11806209 -6937267
1463381 -11806209 -6937267
1463431 -11806209 -6937267
1463481 -11806209 -6937267
1463531 -11806209 -6937267
1463581 -11806209 -6937267
1463631 -11806209 -6937267
1463681 -11806209 -6937267
1463731 -11806209 -6937267
1463781 -11806209 -6937267
1463831 -11806209 -6937267
1463881 -11806209 -6937267
1463931 -11806209 -6937267
1463981 -11806209 -6937267
1464031 -11806209 -6937267
1464081 -11806209 -6937267
1464131 -11806209 -6937267
1464181 -11806209 -6937267
1464231 -11806209 -6937267
1464281 -11806209 -6937267
1464331 -11806209 -6937267
1464381 -11806209 -6937267
1464431 -11806209 -6937267
1464481 -11806209 -6937267
1464531 -11806209 -6937267
1464581 -11806209 -6937267
1464631 -11806209 -6937267
1464681 -11806209 -6937267
1464731 -11806209 -6937267
1464781 -11806209 -6937267
1464831 -11806209 -6937267
1464881 -11806209 -6937267
1464931 -11806209 -6937267
1464981 -11806209 -6937267
1465031 -11806209 -6937267
1465081 -11806209 -6937267
1465131 -11806209 -6937267
1465181 -11806209 -6937267
1465231 -11806209 -6937267
1465281 -11806209 -6937267
1465331 -11806209 -6937267
1465381 -11806209 -6937267
1465431 -11806209 -6937267
1465481 -11806209 -6937267
1465531 -11806209 -6937267
1465581 -11806209 -6937267
1465631 -11806209 -6937267
1465681 -11806209 -6937267
1465731 -11806209 -6937267
1465781 -11806209 -6937267
1465831 -11806209 -6937267
1465881 -11806209 -6937267
1465931 -11806209 -6937267
1465981 -11806209 -6937267
1466031 -11806209 -6937267
1466081 -11806209 -6937267
1466131 -11806209 -6937267
1466181 -11806209 -6937267
1466231 -11806209 -6937267
1466281 -11806209 -6937267
1466331 -11806209 -6937267
1466381 -11806209 -6937267
1466431 -11806209 -6937267
1466481 -11806209 -6937267
1466531 -11806209 -6937267
1466581 -11806209 -6937267
1466631 -11806209 -6937267
1466681 -11806209 -6937267
1466731 -11806561 -6937366
1466781 -11806588 -6937216
1466831 -11806612 -6937061
1466881 -11806622 -6936923
1466931 -11806622 -6936890
1466981 -11806622 -6936778
1467031 -11806622 -6936667
1467081 -11806622 -6936545
1467131 -11806622 -6936392
1467181 -11806622 -6936262
1467231 -11806624 -6936103
1467281 -11806624 -6935944
1467331 -11806624 -6935798
1467381 -11806624 -6935659
1467431 -11806624 -6935488
1467481 -11806624 -6935333
1467531 -11806624 -6935164
1467581 -11806624 -6935006
1467631 -11806624 -6934858
1467681 -11806624 -6934698
1467731 -11806623 -6934568
1467781 -11806606 -6934561
1467831 -11806597 -6934557
1467881 -11806580 -6934549
1467931 -11806578 -6934548
1467981 -11806578 -6934548
1468031 -11806578 -6934548
1468081 -11806578 -6934548
1468131 -11806578 -6934548
1468181 -11806578 -6934548
1468231 -11806578 -6934548
1468281 -11806578 -6934548
1468331 -11806578 -6934548
1468381 -11806578 -6934548
1468431 -11806578 -6934548
1468481 -11806578 -6934548
1468531 -11806578 -6934548
1468581 -11806578 -6934548
1468631 -11806578 -6934548
1468681 -11806578 -6934548
1468731 -11806578 -6934548
1468781 -11806578 -6934548
1468831 -11806578 -6934548
1468881 -11806578 -6934548
1468931 -11806578 -6934548
1468981 -11806578 -6934548
1469031 -11806578 -6934548
1469081 -11806578 -6934548
1469131 -11806578 -6934548
1469181 -11806578 -6934548
1469231 -11806578 -6934548
1469281 -11806578 -6934548
1469331 -11806578 -6934548
1469381 -11806578 -6934548
1469431 -11806578 -6934548
1469481 -11806578 -6934548
1469531 -11806578 -6934548
1469581 -11806578 -6934548
1469631 -11806578 -6934548
1469681 -11806578 -6934548
1469731 -11806578 -6934548
1469781 -11806578 -6934548
1469831 -11806578 -6934548
1469881 -11806578 -6934548
1469931 -11806578 -6934548
1469981 -11806578 -6934548
1470031 -11806578 -6934548
1470081 -11806578 -6934548
1470131 -11806578 -6934548
1470181 -11806578 -6934548
1470231 -11806578 -6934548
1470281 -11806578 -6934548
1470331 -11806578 -6934548
1470381 -11806578 -6934548
1470431 -11806578 -6934548
1470481 -11806578 -6934548
1470531 -11806578 -6934548
1470581 -11806578 -6934548
1470631 -11806578 -6934548
1470681 -11806578 -6934548
1470731 -11806578 -6934548
1470781 -11806578 -6934548
1470831 -11806578 -6934548
1470881 -11806578 -6934548
1470931 -11806578 -6934548
1470981 -11806578 -6934548
1471031 -11806578 -6934548
1471081 -11806578 -6934548
1471131 -11806578 -6934548
1471181 -11806578 -6934548
1471231 -11807027 -6934703
1471281 -11807489 -6934827
1471331 -11808105 -6934970
1471381 -11808615 -6934959
1471431 -11809041 -6934921
1471481 -11809606 -6934954
1471531 -11810083 -6934951
1471581 -11810652 -6934970
1471631 -11810968 -6934855
1471681 -11811250 -6934807
1471731 -11811648 -6934697
1471781 -11812183 -6934672
1471831 -11812415 -6934528
1471881 -11812855 -6934470
1471931 -11813247 -6934449
1471981 -11813705 -6934410
1472031 -11813718 -6934392
1472081 -11813718 -6934392
1472131 -11813719 -6934395
1472181 -11813719 -6934395
1472231 -11813719 -6934395
1472281 -11813719 -6934395
1472331 -11813719 -6934395
1472381 -11813719 -6934394
1472431 -11813719 -6934393
1472481 -11813719 -6934393
1472531 -11813719 -6934393
1472581 -11813719 -6934393
1472631 -11813719 -6934393
1472681 -11813719 -6934393
1472731 -11813719 -6934393
1472781 -11813719 -6934393
1472831 -11813719 -6934393
1472881 -11813719 -6934393
1472931 -11813719 -6934393
1472981 -11813719 -6934393
1473031 -11813719 -6934393
1473081 -11813719 -6934393
1473131 -11813719 -6934393
1473181 -11813719 -6934393
1473231 -11813719 -6934393
1473281 -11813719 -6934393
1473331 -11813719 -6934393
1473381 -11813719 -6934393
1473431 -11813719 -6934393
1473481 -11813719 -6934393
1473531 -11813719 -6934393
1473581 -11813719 -6934393
1473631 -11813719 -6934393
1473681 -11813719 -6934393
1473731 -11813719 -6934393
1473781 -11813719 -6934393
1473831 -11813719 -6934393
1473881 -11813719 -6934393
1473931 -11813719 -6934393
1473981 -11813719 -6934393
1474031 -11813719 -6934393
1474081 -11813719 -6934393
1474131 -11813719 -6934393
1474181 -11813719 -6934393
1474231 -11813719 -6934393
1474281 -11813719 -6934393
1474331 -11813719 -6934393
1474381 -11813719 -6934393
1474431 -11813719 -6934393
1474481 -11813719 -6934393
1474531 -11813719 -6934393
1474581 -11813719 -6934393
1474631 -11813719 -6934393
1474681 -11813719 -6934393
1474731 -11813719 -6934393
1474781 -11813719 -6934393
1474831 -11813719 -6934393
1474881 -11813719 -6934393
1474931 -11813719 -6934393
1474981 -11813719 -6934393
1475031 -11813719 -6934393
1475081 -11813719 -6934393
1475131 -11813719 -6934393
1475181 -11813719 -6934393
1475231 -11813719 -6934393
1475281 -11813719 -6934393
1475331 -11813719 -6934393
1475381 -11813719 -6934393
1475431 -11813719 -6934393
1475481 -11813719 -6934393
1475531 -11813719 -6934393
1475581 -11813719 -6934393
1475631 -11813719 -6934393
1475681 -11813719 -6934393
1475731 -11813719 -6934393
1475781 -11813719 -6934393
1475831 -11813719 -6934393
1475881 -11813719 -6934393
1475931 -11813719 -6934393
1475981 -11813719 -6934393
1476031 -11813719 -6934393
1476081 -11813719 -6934393
1476131 -11813719 -6934393
1476181 -11813719 -6934393
1476231 -11813719 -6934393
1476281 -11813719 -6934393
1476331 -11813719 -6934393
1476381 -11813719 -6934393
1476431 -11813719 -6934393
1476481 -11813719 -6934393
1476531 -11813719 -6934393
1476581 -11813719 -6934452
1476631 -11813671 -6934532
1476681 -11813636 -6934609
1476731 -11813618 -6934682
1476781 -11813617 -6934781
1476831 -11813623 -6934856
1476881 -11813631 -6934970
1476931 -11813631 -6935038
1476981 -11813633 -6935105
1477031 -11813635 -6935191
1477081 -11813635 -6935290
1477131 -11813637 -6935360
1477181 -11813637 -6935440
1477231 -11813639 -6935530
1477281 -11813639 -6935610
1477331 -11813641 -6935694
1477381 -11813643 -6935785
1477431 -11813643 -6935849
1477481 -11813643 -6935914
1477531 -11813643 -6935990
1477581 -11813647 -6936063
1477631 -11813647 -6936132
1477681 -11813651 -6936200
1477731 -11813653 -6936264
1477781 -11813655 -6936340
1477831 -11813655 -6936404
1477881 -11813655 -6936484
1477931 -11813655 -6936562
1477981 -11813665 -6936640
1478031 -11813667 -6936703
1478081 -11813667 -6936796
1478131 -11813670 -6936864
1478181 -11813670 -6936978
1478231 -11813672 -6937040
1478281 -11813674 -6937125
1478331 -11813674 -6937194
1478381 -11813676 -6937282
1478431 -11813678 -6937342
1478481 -11813684 -6937427
1478531 -11813684 -6937521
1478581 -11813690 -6937606
1478631 -11813690 -6937666
1478681 -11813690 -6937731
1478731 -11813690 -6937795
1478781 -11813694 -6937867
1478831 -11813696 -6937930
1478881 -11813696 -6937989
1478931 -11813696 -6938063
1478981 -11813698 -6938135
1479031 -11813704 -6938202
1479081 -11813704 -6938278
1479131 -11813706 -6938343
1479181 -11813713 -6938362
1479231 -11813729 -6938362
1479281 -11813733 -6938361
1479331 -11813733 -6938359
1479381 -11813733 -6938356
1479431 -11813733 -6938356
1479481 -11813733 -6938355
1479531 -11813733 -6938355
1479581 -11813733 -6938355
1479631 -11813733 -6938355
1479681 -11813733 -6938355
1479731 -11813733 -6938355
1479781 -11813733 -6938355
1479831 -11813733 -6938355
1479881 -11813733 -6938355
1479931 -11813733 -6938355
1479981 -11813733 -6938355
1480031 -11813733 -6938355
1480081 -11813733 -6938355
1480131 -11813733 -6938355
1480181 -11813733 -6938355
1480231 -11813733 -6938355
1480281 -11813733 -6938355
1480331 -11813733 -6938355
1480381 -11813733 -6938355
1480431 -11813733 -6938355
1480481 -11813733 -6938355
1480531 -11813733 -6938355
1480581 -11813733 -6938355
1480631 -11813733 -6938355
1480681 -11813733 -6938355
1480731 -11813733 -6938355
1480781 -11813733 -6938355
1480831 -11813733 -6938355
1480881 -11813733 -6938355
1480931 -11813733 -6938355
1480981 -11813733 -6938355
1481031 -11813733 -6938355
1481081 -11813733 -6938355
1481131 -11813733 -6938355
1481181 -11813733 -6938355
1481231 -11813733 -6938355
1481281 -11813733 -6938355
1481331 -11813733 -6938355
1481381 -11813733 -6938355
1481431 -11813733 -6938355
1481481 -11813733 -6938355
1481531 -11813733 -6938355
1481581 -11813733 -6938355
1481631 -11813715 -6938317
1481681 -11813699 -6938268
1481731 -11813671 -6938210
1481781 -11813633 -6938155
1481831 -11813593 -6938097
1481881 -11813555 -6938041
1481931 -11813510 -6937985
1481981 -11813457 -6937927
1482031 -11813411 -6937864
1482081 -11813363 -6937800
1482131 -11813311 -6937736
1482181 -11813263 -6937673
1482231 -11813211 -6937610
1482281 -11813156 -6937548
1482331 -11813108 -6937485
1482381 -11813059 -6937421
1482431 -11813005 -6937358
1482481 -11812957 -6937294
1482531 -11812907 -6937229
1482581 -11812850 -6937167
1482631 -11812799 -6937104
1482681 -11812747 -6937042
1482731 -11812699 -6936978
1482781 -11812647 -6936914
1482831 -11812599 -6936849
1482881 -11812545 -6936785
1482931 -11812485 -6936723
1482981 -11812433 -6936660
1483031 -11812386 -6936597
1483081 -11812334 -6936534
1483131 -11812281 -6936471
1483181 -11812230 -6936407
1483231 -11812177 -6936345
1483281 -11812130 -6936282
1483331 -11812083 -6936219
1483381 -11812031 -6936157
1483431 -11811985 -6936094
1483481 -11811933 -6936031
1483531 -11811878 -6935968
1483581 -11811826 -6935905
1483631 -11811779 -6935841
1483681 -11811727 -6935777
1483731 -11811679 -6935712
1483781 -11811627 -6935648
1483831 -11811570 -6935585
1483881 -11811522 -6935521
1483931 -11811475 -6935457
1483981 -11811423 -6935394
1484031 -11811377 -6935331
1484081 -11811325 -6935268
1484131 -11811269 -6935205
1484181 -11811221 -6935141
1484231 -11811173 -6935078
1484281 -11811121 -6935014
1484331 -11811073 -6934951
1484381 -11811022 -6934887
1484431 -11810966 -6934824
1484481 -11810915 -6934762
1484531 -11810867 -6934700
1484581 -11810815 -6934637
1484631 -11810762 -6934572
1484681 -11810710 -6934508
1484731 -11810659 -6934445
1484781 -11810603 -6934383
1484831 -11810557 -6934320
1484881 -11810505 -6934257
1484931 -11810451 -6934194
1484981 -11810402 -6934131
1485031 -11810349 -6934066
1485081 -11810290 -6934001
1485131 -11810234 -6933938
1485181 -11810186 -6933876
1485231 -11810134 -6933813
1485281 -11810083 -6933749
1485331 -11810034 -6933685
1485381 -11809977 -6933621
1485431 -11809921 -6933557
1485481 -11809871 -6933493
1485531 -11809823 -6933429
1485581 -11809771 -6933366
1485631 -11809723 -6933303
1485681 -11809670 -6933239
1485731 -11809611 -6933176
1485781 -11809561 -6933113
1485831 -11809514 -6933049
1485881 -11809453 -6932993
1485931 -11809379 -6932950
1485981 -11809309 -6932904
1486031 -11809245 -6932844
1486081 -11809173 -6932774
1486131 -11809097 -6932714
1486181 -11809017 -6932650
1486231 -11808938 -6932592
1486281 -11808860 -6932528
1486331 -11808779 -6932469
1486381 -11808699 -6932408
1486431 -11808622 -6932342
1486481 -11808545 -6932279
1486531 -11808460 -6932211
1486581 -11808372 -6932160
1486631 -11808281 -6932099
1486681 -11808202 -6932033
1486731 -11808116 -6931962
1486781 -11808022 -6931906
1486831 -11807930 -6931842
1486881 -11807836 -6931768
1486931 -11807750 -6931701
1486981 -11807672 -6931630
1487031 -11807590 -6931562
1487081 -11807503 -6931489
1487131 -11807421 -6931423
1487181 -11807335 -6931348
1487231 -11807247 -6931281
1487281 -11807175 -6931211
1487331 -11807094 -6931149
1487381 -11807018 -6931087
1487431 -11806933 -6931024
1487481 -11806844 -6930965
1487531 -11806763 -6930895
1487581 -11806684 -6930820
1487631 -11806606 -6930756
1487681 -11806528 -6930691
1487731 -11806448 -6930623
1487781 -11806363 -6930546
1487831 -11806280 -6930474
1487881 -11806199 -6930393
1487931 -11806121 -6930321
1487981 -11806040 -6930245
1488031 -11805958 -6930174
1488081 -11805880 -6930099
1488131 -11805798 -6930029
1488181 -11805712 -6929959
1488231 -11805636 -6929897
1488281 -11805554 -6929831
1488331 -11805472 -6929757
1488381 -11805386 -6929686
1488431 -11805302 -6929622
1488481 -11805224 -6929550
1488531 -11805148 -6929500
1488581 -11805067 -6929439
1488631 -11804992 -6929375
1488681 -11804912 -6929312
1488731 -11804829 -6929248
1488781 -11804756 -6929192
1488831 -11804679 -6929141
1488881 -11804608 -6929086
1488931 -11804526 -6929028
1488981 -11804441 -6928968
1489031 -11804359 -6928900
1489081 -11804291 -6928844
1489131 -11804222 -6928781
1489181 -11804146 -6928716
1489231 -11804066 -6928653
1489281 -11803985 -6928598
1489331 -11803911 -6928540
1489381 -11803837 -6928481
1489431 -11803755 -6928417
1489481 -11803676 -6928356
1489531 -11803593 -6928298
1489581 -11803511 -6928237
1489631 -11803438 -6928174
1489681 -11803361 -6928120
1489731 -11803288 -6928060
1489781 -11803216 -6928005
1489831 -11803149 -6927950
1489881 -11803077 -6927893
1489931 -11803000 -6927836
1489981 -11802924 -6927771
1490031 -11802848 -6927704
1490081 -11802770 -6927646
1490131 -11802694 -6927591
1490181 -11802618 -6927527
1490231 -11802542 -6927462
1490281 -11802465 -6927403
1490331 -11802393 -6927344
1490381 -11802325 -6927284
1490431 -11802247 -6927223
1490481 -11802175 -6927156
1490531 -11802096 -6927093
1490581 -11802029 -6927030
1490631 -11801957 -6926964
1490681 -11801877 -6926900
1490731 -11801804 -6926838
1490781 -11801728 -6926777
1490831 -11801651 -6926721
1490881 -11801577 -6926667
1490931 -11801502 -6926605
1490981 -11801426 -6926541
1491031 -11801350 -6926480
1491081 -11801271 -6926420
1491131 -11801194 -6926360
1491181 -11801118 -6926300
1491231 -11801042 -6926235
1491281 -11800967 -6926182
1491331 -11800897 -6926120
1491381 -11800819 -6926059
1491431 -11800747 -6925997
1491481 -11800673 -6925926
1491531 -11800598 -6925862
1491581 -11800525 -6925794
1491631 -11800453 -6925720
1491681 -11800380 -6925666
1491731 -11800305 -6925612
1491781 -11800227 -6925553
1491831 -11800152 -6925497
1491881 -11800078 -6925436
1491931 -11799999 -6925382
1491981 -11799918 -6925318
1492031 -11799842 -6925254
1492081 -11799769 -6925192
1492131 -11799689 -6925125
1492181 -11799611 -6925064
1492231 -11799527 -6925007
1492281 -11799448 -6924945
1492331 -11799372 -6924886
1492381 -11799300 -6924826
1492431 -11799223 -6924777
1492481 -11799150 -6924720
1492531 -11799077 -6924668
1492581 -11799001 -6924613
1492631 -11798930 -6924545
1492681 -11798853 -6924478
1492731 -11798776 -6924416
1492781 -11798694 -6924348
1492831 -11798616 -6924283
1492881 -11798545 -6924218
1492931 -11798471 -6924154
1492981 -11798391 -6924102
1493031 -11798318 -6924048
1493081 -11798248 -6923986
1493131 -11798176 -6923927
1493181 -11798105 -6923876
1493231 -11798037 -6923825
1493281 -11797971 -6923772
1493331 -11797905 -6923725
1493381 -11797839 -6923683
1493431 -11797781 -6923630
1493481 -11797716 -6923578
1493531 -11797653 -6923528
1493581 -11797591 -6923475
1493631 -11797525 -6923430
1493681 -11797459 -6923377
1493731 -11797393 -6923326
1493781 -11797327 -6923275
1493831 -11797264 -6923223
1493881 -11797201 -6923177
1493931 -11797137 -6923125
1493981 -11797072 -6923071
1494031 -11797006 -6923022
1494081 -11796940 -6922973
1494131 -11796883 -6922921
1494181 -11796822 -6922873
1494231 -11796761 -6922825
1494281 -11796695 -6922769
1494331 -11796636 -6922718
1494381 -11796570 -6922667
1494431 -11796508 -6922615
1494481 -11796441 -6922566
1494531 -11796375 -6922511
1494581 -11796311 -6922461
1494631 -11796247 -6922410
1494681 -11796185 -6922358
1494731 -11796121 -6922303
1494781 -11796057 -6922250
1494831 -11795995 -6922194
1494881 -11795930 -6922144
1494931 -11795864 -6922092
1494981 -11795803 -6922039
1495031 -11795739 -6921986
1495081 -11795675 -6921936
1495131 -11795609 -6921884
1495181 -11795542 -6921836
1495231 -11795476 -6921783
1495281 -11795412 -6921727
1495331 -11795346 -6921671
1495381 -11795281 -6921624
1495431 -11795218 -6921567
1495481 -11795152 -6921519
1495531 -11795086 -6921476
1495581 -11795023 -6921425
1495631 -11794955 -6921367
1495681 -11794885 -6921311
1495731 -11794816 -6921260
1495781 -11794750 -6921203
1495831 -11794687 -6921151
1495881 -11794622 -6921099
1495931 -11794558 -6921057
1495981 -11794495 -6921006
1496031 -11794432 -6920953
1496081 -11794368 -6920895
1496131 -11794301 -6920838
1496181 -11794234 -6920794
1496231 -11794168 -6920741
1496281 -11794101 -6920685
1496331 -11794039 -6920632
1496381 -11793977 -6920579
1496431 -11793910 -6920531
1496481 -11793844 -6920476
1496531 -11793779 -6920427
1496581 -11793715 -6920371
1496631 -11793650 -6920317
1496681 -11793585 -6920270
1496731 -11793523 -6920213
1496781 -11793457 -6920166
1496831 -11793391 -6920114
1496881 -11793325 -6920066
1496931 -11793259 -6920012
1496981 -11793193 -6919964
1497031 -11793127 -6919908
1497081 -11793059 -6919854
1497131 -11792996 -6919808
1497181 -11792935 -6919756
1497231 -11792868 -6919701
1497281 -11792807 -6919656
1497331 -11792747 -6919605
1497381 -11792685 -6919554
1497431 -11792619 -6919510
1497481 -11792553 -6919463
1497531 -11792489 -6919416
1497581 -11792426 -6919363
1497631 -11792363 -6919318
1497681 -11792297 -6919268
1497731 -11792241 -6919213
1497781 -11792174 -6919172
1497831 -11792115 -6919135
1497881 -11792051 -6919086
1497931 -11791986 -6919030
1497981 -11791926 -6918977
1498031 -11791858 -6918931
1498081 -11791790 -6918876
1498131 -11791722 -6918826
1498181 -11791656 -6918771
1498231 -11791590 -6918719
1498281 -11791525 -6918663
1498331 -11791462 -6918613
1498381 -11791399 -6918562
1498431 -11791335 -6918509
1498481 -11791270 -6918459
1498531 -11791210 -6918404
1498581 -11791142 -6918351
1498631 -11791076 -6918297
1498681 -11791009 -6918246
1498731 -11790947 -6918195
1498781 -11790881 -6918145
1498831 -11790820 -6918092
1498881 -11790758 -6918042
1498931 -11790693 -6917988
1498981 -11790634 -6917939
1499031 -11790573 -6917887
1499081 -11790509 -6917840
1499131 -11790447 -6917792
1499181 -11790382 -6917740
1499231 -11790317 -6917688
1499281 -11790255 -6917641
1499331 -11790189 -6917596
1499381 -11790127 -6917549
1499431 -11790061 -6917499
1499481 -11790006 -6917442
1499531 -11789938 -6917391
1499581 -11789870 -6917333
1499631 -11789804 -6917282
1499681 -11789741 -6917227
1499731 -11789675 -6917172
1499781 -11789612 -6917119
1499831 -11789545 -6917069
1499881 -11789478 -6917015
1499931 -11789411 -6916965
1499981 -11789347 -6916915
1500031 -11789285 -6916858
1500081 -11789224 -6916809
1500131 -11789158 -6916754
1500181 -11789099 -6916703
1500231 -11789029 -6916650
1500281 -11788961 -6916601
1500331 -11788897 -6916547
1500381 -11788833 -6916489
1500431 -11788764 -6916434
1500481 -11788698 -6916383
1500531 -11788634 -6916339
1500581 -11788566 -6916287
1500631 -11788495 -6916233
1500681 -11788433 -6916184
1500731 -11788374 -6916137
1500781 -11788311 -6916081
1500831 -11788247 -6916027
1500881 -11788181 -6915972
1500931 -11788116 -6915916
1500981 -11788050 -6915861
1501031 -11787993 -6915814
1501081 -11787933 -6915765
1501131 -11787867 -6915714
1501181 -11787807 -6915662
1501231 -11787747 -6915610
1501281 -11787679 -6915560
1501331 -11787615 -6915516
1501381 -11787549 -6915468
1501431 -11787485 -6915416
1501481 -11787419 -6915363
1501531 -11787358 -6915308
1501581 -11787292 -6915257
1501631 -11787230 -6915202
1501681 -11787164 -6915161
1501731 -11787098 -6915112
1501781 -11787033 -6915060
1501831 -11786969 -6915004
1501881 -11786907 -6914949
1501931 -11786839 -6914896
1501981 -11786773 -6914841
1502031 -11786705 -6914788
1502081 -11786638 -6914735
1502131 -11786581 -6914681
1502181 -11786528 -6914632
1502231 -11786463 -6914586
1502281 -11786397 -6914529
1502331 -11786335 -6914477
1502381 -11786280 -6914424
1502431 -11786217 -6914374
1502481 -11786153 -6914315
1502531 -11786094 -6914260
1502581 -11786034 -6914206
1502631 -11785968 -6914154
1502681 -11785902 -6914102
1502731 -11785837 -6914052
1502781 -11785769 -6913994
1502831 -11785703 -6913938
1502881 -11785638 -6913890
1502931 -11785571 -6913835
1502981 -11785503 -6913783
1503031 -11785439 -6913736
1503081 -11785373 -6913690
1503131 -11785302 -6913636
1503181 -11785238 -6913589
1503231 -11785173 -6913537
1503281 -11785107 -6913486
1503331 -11785043 -6913435
1503381 -11784977 -6913382
1503431 -11784913 -6913322
1503481 -11784846 -6913264
1503531 -11784782 -6913215
1503581 -11784716 -6913160
1503631 -11784653 -6913113
1503681 -11784588 -6913055
1503731 -11784527 -6913002
1503781 -11784464 -6912950
1503831 -11784407 -6912898
1503881 -11784346 -6912841
1503931 -11784283 -6912787
1503981 -11784226 -6912735
1504031 -11784162 -6912682
1504081 -11784102 -6912628
1504131 -11784036 -6912577
1504181 -11783971 -6912528
1504231 -11783913 -6912476
1504281 -11783849 -6912425
1504331 -11783784 -6912368
1504381 -11783718 -6912315
1504431 -11783650 -6912263
1504481 -11783584 -6912219
1504531 -11783520 -6912165
1504581 -11783456 -6912115
1504631 -11783392 -6912062
1504681 -11783329 -6912013
1504731 -11783264 -6911959
1504781 -11783203 -6911908
1504831 -11783138 -6911856
1504881 -11783073 -6911808
1504931 -11783011 -6911764
1504981 -11782947 -6911714
1505031 -11782888 -6911662
1505081 -11782822 -6911611
1505131 -11782758 -6911558
1505181 -11782694 -6911501
1505231 -11782626 -6911450
1505281 -11782562 -6911392
1505331 -11782498 -6911337
1505381 -11782438 -6911282
1505431 -11782374 -6911229
1505481 -11782307 -6911175
1505531 -11782244 -6911130
1505581 -11782180 -6911081
1505631 -11782114 -6911023
1505681 -11782048 -6910977
1505731 -11781983 -6910924
1505781 -11781917 -6910869
1505831 -11781853 -6910810
1505881 -11781787 -6910765
1505931 -11781721 -6910711
1505981 -11781660 -6910661
1506031 -11781599 -6910606
1506081 -11781533 -6910553
1506131 -11781471 -6910498
1506181 -11781403 -6910444
1506231 -11781337 -6910391
1506281 -11781276 -6910340
1506331 -11781212 -6910283
1506381 -11781146 -6910226
1506431 -11781083 -6910180
1506481 -11781022 -6910131
1506531 -11780958 -6910074
1506581 -11780896 -6910020
1506631 -11780832 -6909963
1506681 -11780768 -6909913
1506731 -11780702 -6909863
1506781 -11780638 -6909818
1506831 -11780572 -6909771
1506881 -11780508 -6909724
1506931 -11780438 -6909673
1506981 -11780372 -6909624
1507031 -11780306 -6909570
1507081 -11780242 -6909522
1507131 -11780177 -6909463
1507181 -11780110 -6909409
1507231 -11780044 -6909361
1507281 -11779980 -6909313
1507331 -11779916 -6909253
1507381 -11779851 -6909196
1507431 -11779791 -6909143
1507481 -11779728 -6909091
1507531 -11779662 -6909042
1507581 -11779596 -6908987
1507631 -11779528 -6908930
1507681 -11779462 -6908880
1507731 -11779394 -6908828
1507781 -11779334 -6908771
1507831 -11779267 -6908720
1507881 -11779200 -6908663
1507931 -11779132 -6908608
1507981 -11779064 -6908554
1508031 -11778997 -6908498
1508081 -11778926 -6908452
1508131 -11778856 -6908400
1508181 -11778789 -6908345
1508231 -11778724 -6908292
1508281 -11778657 -6908241
1508331 -11778598 -6908190
1508381 -11778534 -6908139
1508431 -11778476 -6908087
1508481 -11778410 -6908036
1508531 -11778347 -6907980
1508581 -11778281 -6907933
1508631 -11778215 -6907876
1508681 -11778147 -6907831
1508731 -11778083 -6907781
1508781 -11778018 -6907725
1508831 -11777959 -6907674
1508881 -11777900 -6907617
1508931 -11777836 -6907563
1508981 -11777772 -6907508
1509031 -11777712 -6907455
1509081 -11777652 -6907401
1509131 -11777591 -6907352
1509181 -11777527 -6907302
1509231 -11777463 -6907245
1509281 -11777401 -6907198
1509331 -11777335 -6907148
1509381 -11777268 -6907108
1509431 -11777210 -6907053
1509481 -11777143 -6907008
1509531 -11777081 -6906958
1509581 -11777017 -6906907
1509631 -11776951 -6906854
1509681 -11776885 -6906800
1509731 -11776828 -6906753
1509781 -11776766 -6906694
1509831 -11776703 -6906641
1509881 -11776639 -6906586
1509931 -11776574 -6906536
1509981 -11776513 -6906489
1510031 -11776451 -6906437
1510081 -11776389 -6906382
1510131 -11776321 -6906327
1510181 -11776253 -6906276
1510231 -11776192 -6906227
1510281 -11776127 -6906174
1510331 -11776063 -6906123
1510381 -11775999 -6906067
1510431 -11775937 -6906014
1510481 -11775870 -6905959
1510531 -11775808 -6905913
1510581 -11775740 -6905855
1510631 -11775671 -6905803
1510681 -11775608 -6905751
1510731 -11775543 -6905695
1510781 -11775481 -6905640
1510831 -11775418 -6905589
1510881 -11775351 -6905539
1510931 -11775285 -6905481
1510981 -11775219 -6905428
1511031 -11775152 -6905375
1511081 -11775086 -6905323
1511131 -11775021 -6905279
1511181 -11774955 -6905222
1511231 -11774890 -6905172
1511281 -11774830 -6905120
1511331 -11774764 -6905063
1511381 -11774701 -6905013
1511431 -11774636 -6904963
1511481 -11774572 -6904910
1511531 -11774510 -6904858
1511581 -11774446 -6904807
1511631 -11774382 -6904752
1511681 -11774322 -6904693
1511731 -11774258 -6904654
1511781 -11774193 -6904603
1511831 -11774130 -6904552
1511881 -11774063 -6904495
1511931 -11773998 -6904442
1511981 -11773932 -6904394
1512031 -11773868 -6904339
1512081 -11773805 -6904287
1512131 -11773745 -6904229
1512181 -11773684 -6904172
1512231 -11773621 -6904123
1512281 -11773557 -6904066
1512331 -11773494 -6904019
1512381 -11773429 -6903968
1512431 -11773368 -6903914
1512481 -11773304 -6903858
1512531 -11773242 -6903807
1512581 -11773177 -6903755
1512631 -11773107 -6903697
1512681 -11773042 -6903651
1512731 -11772978 -6903603
1512781 -11772914 -6903551
1512831 -11772850 -6903501
1512881 -11772786 -6903455
1512931 -11772720 -6903402
1512981 -11772653 -6903350
1513031 -11772584 -6903291
1513081 -11772518 -6903239
1513131 -11772451 -6903187
1513181 -11772393 -6903130
1513231 -11772329 -6903083
1513281 -11772269 -6903033
1513331 -11772204 -6902981
1513381 -11772140 -6902931
1513431 -11772075 -6902879
1513481 -11772010 -6902823
1513531 -11771947 -6902766
1513581 -11771881 -6902709
1513631 -11771818 -6902653
1513681 -11771750 -6902595
1513731 -11771691 -6902538
1513781 -11771625 -6902486
1513831 -11771561 -6902430
1513881 -11771501 -6902374
1513931 -11771438 -6902317
1513981 -11771375 -6902267
1514031 -11771313 -6902216
1514081 -11771254 -6902161
1514131 -11771197 -6902113
1514181 -11771133 -6902063
1514231 -11771067 -6902010
1514281 -11771002 -6901958
1514331 -11770939 -6901903
1514381 -11770873 -6901864
1514431 -11770813 -6901819
1514481 -11770754 -6901766
1514531 -11770694 -6901719
1514581 -11770637 -6901666
1514631 -11770572 -6901612
1514681 -11770507 -6901557
1514731 -11770443 -6901498
1514781 -11770379 -6901443
1514831 -11770312 -6901390
1514881 -11770252 -6901338
1514931 -11770188 -6901281
1514981 -11770124 -6901228
1515031 -11770062 -6901180
1515081 -11770000 -6901129
1515131 -11769935 -6901073
1515181 -11769868 -6901014
1515231 -11769800 -6900964
1515281 -11769738 -6900908
1515331 -11769674 -6900851
1515381 -11769608 -6900793
1515431 -11769540 -6900746
1515481 -11769474 -6900699
1515531 -11769407 -6900646
1515581 -11769337 -6900588
1515631 -11769275 -6900534
1515681 -11769211 -6900481
1515731 -11769147 -6900429
1515781 -11769084 -6900378
1515831 -11769024 -6900324
1515881 -11768963 -6900268
1515931 -11768898 -6900216
1515981 -11768834 -6900168
1516031 -11768773 -6900116
1516081 -11768711 -6900065
1516131 -11768644 -6900016
1516181 -11768575 -6899957
1516231 -11768513 -6899902
1516281 -11768448 -6899847
1516331 -11768388 -6899790
1516381 -11768324 -6899739
1516431 -11768260 -6899681
1516481 -11768196 -6899628
1516531 -11768138 -6899569
1516581 -11768074 -6899519
1516631 -11768014 -6899467
1516681 -11767953 -6899415
1516731 -11767889 -6899356
1516781 -11767824 -6899301
1516831 -11767758 -6899251
1516881 -11767691 -6899192
1516931 -11767623 -6899134
1516981 -11767556 -6899076
1517031 -11767497 -6899021
1517081 -11767434 -6898969
1517131 -11767368 -6898912
1517181 -11767306 -6898858
1517231 -11767249 -6898803
1517281 -11767189 -6898744
1517331 -11767124 -6898688
1517381 -11767063 -6898636
1517431 -11767001 -6898589
1517481 -11766939 -6898548
1517531 -11766873 -6898499
1517581 -11766810 -6898448
1517631 -11766745 -6898403
1517681 -11766686 -6898356
1517731 -11766629 -6898299
1517781 -11766568 -6898252
1517831 -11766504 -6898198
1517881 -11766438 -6898149
1517931 -11766371 -6898093
1517981 -11766312 -6898031
1518031 -11766270 -6897960
1518081 -11766223 -6897891
1518131 -11766171 -6897823
1518181 -11766118 -6897757
1518231 -11766074 -6897693
1518281 -11766024 -6897629
1518331 -11765980 -6897565
1518381 -11765930 -6897502
1518431 -11765876 -6897439
1518481 -11765828 -6897375
1518531 -11765782 -6897313
1518581 -11765730 -6897253
1518631 -11765683 -6897190
1518681 -11765631 -6897126
1518731 -11765576 -6897063
1518781 -11765528 -6897001
1518831 -11765482 -6896939
1518881 -11765430 -6896876
1518931 -11765384 -6896814
1518981 -11765330 -6896751
1519031 -11765279 -6896689
1519081 -11765234 -6896626
1519131 -11765182 -6896563
1519181 -11765135 -6896500
1519231 -11765088 -6896439
1519281 -11765032 -6896376
1519331 -11764982 -6896314
1519381 -11764935 -6896251
1519431 -11764883 -6896188
1519481 -11764835 -6896124
1519531 -11764787 -6896060
1519581 -11764732 -6895997
1519631 -11764682 -6895934
1519681 -11764634 -6895871
1519731 -11764584 -6895808
1519781 -11764534 -6895744
1519831 -11764482 -6895681
1519881 -11764427 -6895617
1519931 -11764380 -6895553
1519981 -11764334 -6895490
1520031 -11764284 -6895427
1520081 -11764236 -6895364
1520131 -11764184 -6895301
1520181 -11764128 -6895237
1520231 -11764082 -6895173
1520281 -11764035 -6895110
1520331 -11763986 -6895048
1520381 -11763940 -6894985
1520431 -11763892 -6894923
1520481 -11763838 -6894859
1520531 -11763790 -6894795
1520581 -11763745 -6894732
1520631 -11763692 -6894668
1520681 -11763642 -6894603
1520731 -11763590 -6894539
1520781 -11763535 -6894476
1520831 -11763488 -6894412
1520881 -11763442 -6894348
1520931 -11763394 -6894284
1520981 -11763350 -6894221
1521031 -11763295 -6894159
1521081 -11763244 -6894096
1521131 -11763198 -6894034
1521181 -11763147 -6893972
1521231 -11763100 -6893909
1521281 -11763052 -6893845
1521331 -11762994 -6893783
1521381 -11762947 -6893721
1521431 -11762899 -6893659
1521481 -11762848 -6893597
1521531 -11762802 -6893535
1521581 -11762754 -6893472
1521631 -11762700 -6893409
1521681 -11762654 -6893347
1521731 -11762606 -6893284
1521781 -11762559 -6893221
1521831 -11762515 -6893157
1521881 -11762467 -6893093
1521931 -11762412 -6893031
1521981 -11762366 -6892967
1522031 -11762318 -6892904
1522081 -11762265 -6892840
1522131 -11762222 -6892776
1522181 -11762174 -6892713
1522231 -11762120 -6892651
1522281 -11762076 -6892588
1522331 -11762030 -6892525
1522381 -11761979 -6892462
1522431 -11761932 -6892399
1522481 -11761880 -6892335
1522531 -11761830 -6892271
1522581 -11761786 -6892208
1522631 -11761739 -6892144
1522681 -11761695 -6892080
1522731 -11761646 -6892015
1522781 -11761594 -6891951
1522831 -11761538 -6891887
1522881 -11761491 -6891824
1522931 -11761444 -6891760
1522981 -11761398 -6891697
1523031 -11761350 -6891633
1523081 -11761300 -6891570
1523131 -11761243 -6891506
1523181 -11761190 -6891442
1523231 -11761139 -6891377
1523281 -11761091 -6891313
1523331 -11761040 -6891248
1523381 -11760992 -6891184
1523431 -11760942 -6891119
1523481 -11760891 -6891055
1523531 -11760846 -6890992
1523581 -11760804 -6890929
1523631 -11760754 -6890866
1523681 -11760706 -6890803
1523731 -11760650 -6890740
1523781 -11760598 -6890677
1523831 -11760550 -6890614
1523881 -11760503 -6890551
1523931 -11760456 -6890489
1523981 -11760409 -6890427
1524031 -11760354 -6890364
1524081 -11760302 -6890302
1524131 -11760255 -6890239
1524181 -11760212 -6890177
1524231 -11760162 -6890115
1524281 -11760114 -6890051
1524331 -11760059 -6889988
1524381 -11760007 -6889924
1524431 -11759959 -6889860
1524481 -11759916 -6889797
1524531 -11759864 -6889733
1524581 -11759815 -6889670
1524631 -11759762 -6889607
1524681 -11759706 -6889543
1524731 -11759663 -6889481
1524781 -11759616 -6889417
1524831 -11759564 -6889354
1524881 -11759518 -6889291
1524931 -11759467 -6889228
1524981 -11759416 -6889165
1525031 -11759370 -6889102
1525081 -11759323 -6889039
1525131 -11759272 -6888975
1525181 -11759226 -6888912
1525231 -11759170 -6888849
1525281 -11759118 -6888785
1525331 -11759070 -6888721
1525381 -11759022 -6888657
1525431 -11758970 -6888595
1525481 -11758924 -6888532
1525531 -11758870 -6888469
1525581 -11758818 -6888406
1525631 -11758770 -6888343
1525681 -11758722 -6888279
1525731 -11758669 -6888216
1525781 -11758619 -6888151
1525831 -11758567 -6888087
1525881 -11758512 -6888023
1525931 -11758466 -6887960
1525981 -11758418 -6887897
1526031 -11758367 -6887833
1526081 -11758322 -6887769
1526131 -11758272 -6887706
1526181 -11758214 -6887644
1526231 -11758167 -6887581
1526281 -11758119 -6887518
1526331 -11758068 -6887455
1526381 -11758019 -6887392
1526431 -11757968 -6887330
1526481 -11757914 -6887268
1526531 -11757867 -6887206
1526581 -11757819 -6887144
1526631 -11757768 -6887081
1526681 -11757720 -6887019
1526731 -11757666 -6886956
1526781 -11757614 -6886894
1526831 -11757567 -6886832
1526881 -11757520 -6886769
1526931 -11757470 -6886705
1526981 -11757422 -6886641
1527031 -11757366 -6886579
1527081 -11757312 -6886515
1527131 -11757264 -6886452
1527181 -11757217 -6886389
1527231 -11757165 -6886325
1527281 -11757114 -6886262
1527331 -11757062 -6886199
1527381 -11757007 -6886136
1527431 -11756959 -6886072
1527481 -11756912 -6886008
1527531 -11756860 -6885944
1527581 -11756808 -6885881
1527631 -11756758 -6885817
1527681 -11756702 -6885753
1527731 -11756654 -6885689
1527781 -11756606 -6885626
1527831 -11756554 -6885561
1527881 -11756504 -6885497
1527931 -11756456 -6885432
1527981 -11756400 -6885369
1528031 -11756350 -6885306
1528081 -11756302 -6885243
1528131 -11756251 -6885179
1528181 -11756203 -6885115
1528231 -11756155 -6885052
1528281 -11756098 -6884988
1528331 -11756044 -6884924
1528381 -11755994 -6884860
1528431 -11755922 -6884845
1528481 -11755854 -6884845
1528531 -11755788 -6884834
1528581 -11755726 -6884819
1528631 -11755670 -6884797
1528681 -11755626 -6884775
1528731 -11755594 -6884754
1528781 -11755574 -6884736
1528831 -11755560 -6884721
1528881 -11755548 -6884712
1528931 -11755538 -6884701
1528981 -11755526 -6884692
1529031 -11755516 -6884682
1529081 -11755504 -6884674
1529131 -11755494 -6884664
1529181 -11755483 -6884655
1529231 -11755473 -6884646
1529281 -11755463 -6884637
1529331 -11755452 -6884626
1529381 -11755442 -6884616
1529431 -11755430 -6884606
1529481 -11755418 -6884597
1529531 -11755406 -6884586
1529581 -11755395 -6884575
1529631 -11755383 -6884564
1529681 -11755370 -6884556
1529731 -11755358 -6884544
1529781 -11755344 -6884533
1529831 -11755330 -6884521
1529881 -11755316 -6884509
1529931 -11755304 -6884499
1529981 -11755291 -6884487
1530031 -11755278 -6884476
1530081 -11755264 -6884464
1530131 -11755250 -6884452
1530181 -11755238 -6884440
1530231 -11755226 -6884429
1530281 -11755214 -6884418
1530331 -11755201 -6884407
1530381 -11755188 -6884396
1530431 -11755175 -6884386
1530481 -11755163 -6884375
1530531 -11755151 -6884364
1530581 -11755140 -6884354
1530631 -11755128 -6884344
1530681 -11755118 -6884335
1530731 -11755106 -6884324
1530781 -11755093 -6884314
1530831 -11755080 -6884304
1530881 -11755068 -6884294
1530931 -11755058 -6884284
1530981 -11755048 -6884274
1531031 -11755036 -6884265
1531081 -11755024 -6884255
1531131 -11755014 -6884245
1531181 -11755002 -6884235
1531231 -11754990 -6884225
1531281 -11754980 -6884215
1531331 -11754968 -6884204
1531381 -11754958 -6884196
1531431 -11754946 -6884185
1531481 -11754935 -6884175
1531531 -11754924 -6884165
1531581 -11754912 -6884156
1531631 -11754902 -6884145
1531681 -11754890 -6884135
1531731 -11754879 -6884125
1531781 -11754867 -6884114
1531831 -11754856 -6884105
1531881 -11754845 -6884094
1531931 -11754834 -6884084
1531981 -11754823 -6884074
1532031 -11754814 -6884065
1532081 -11754802 -6884055
1532131 -11754791 -6884037
1532181 -11754774 -6884018
1532231 -11754747 -6884000
1532281 -11754720 -6883974
1532331 -11754690 -6883949
1532381 -11754654 -6883918
1532431 -11754614 -6883882
1532481 -11754570 -6883841
1532531 -11754522 -6883797
1532581 -11754472 -6883756
1532631 -11754417 -6883716
1532681 -11754361 -6883667
1532731 -11754301 -6883622
1532781 -11754237 -6883568
1532831 -11754173 -6883518
1532881 -11754115 -6883474
1532931 -11754062 -6883432
1532981 -11754002 -6883383
1533031 -11753947 -6883330
1533081 -11753888 -6883279
1533131 -11753826 -6883233
1533181 -11753764 -6883194
1533231 -11753701 -6883145
1533281 -11753638 -6883098
1533331 -11753579 -6883048
1533381 -11753516 -6883000
1533431 -11753456 -6882946
1533481 -11753391 -6882903
1533531 -11753330 -6882845
1533581 -11753267 -6882797
1533631 -11753208 -6882747
1533681 -11753147 -6882696
1533731 -11753084 -6882642
1533781 -11753020 -6882586
1533831 -11752961 -6882536
1533881 -11752897 -6882490
1533931 -11752829 -6882433
1533981 -11752766 -6882388
1534031 -11752705 -6882338
1534081 -11752642 -6882291
1534131 -11752583 -6882242
1534181 -11752524 -6882189
1534231 -11752465 -6882144
1534281 -11752405 -6882094
1534331 -11752343 -6882046
1534381 -11752285 -6882006
1534431 -11752228 -6881965
1534481 -11752167 -6881921
1534531 -11752107 -6881870
1534581 -11752041 -6881816
1534631 -11751980 -6881761
1534681 -11751924 -6881713
1534731 -11751862 -6881658
1534781 -11751801 -6881608
1534831 -11751740 -6881560
1534881 -11751680 -6881508
1534931 -11751623 -6881459
1534981 -11751568 -6881407
1535031 -11751510 -6881351
1535081 -11751455 -6881303
1535131 -11751403 -6881250
1535181 -11751340 -6881198
1535231 -11751278 -6881157
1535281 -11751216 -6881106
1535331 -11751158 -6881055
1535381 -11751098 -6881008
1535431 -11751034 -6880961
1535481 -11750971 -6880909
1535531 -11750910 -6880856
1535581 -11750856 -6880807
1535631 -11750793 -6880756
1535681 -11750732 -6880707
1535731 -11750670 -6880654
1535781 -11750607 -6880601
1535831 -11750550 -6880548
1535881 -11750492 -6880499
1535931 -11750438 -6880445
1535981 -11750377 -6880399
1536031 -11750317 -6880352
1536081 -11750253 -6880300
1536131 -11750193 -6880249
1536181 -11750134 -6880201
1536231 -11750073 -6880150
1536281 -11750017 -6880106
1536331 -11749956 -6880048
1536381 -11749896 -6879993
1536431 -11749839 -6879942
1536481 -11749772 -6879891
1536531 -11749711 -6879843
1536581 -11749649 -6879795
1536631 -11749589 -6879742
1536681 -11749527 -6879690
1536731 -11749469 -6879645
1536781 -11749415 -6879597
1536831 -11749359 -6879545
1536881 -11749297 -6879497
1536931 -11749240 -6879453
1536981 -11749177 -6879402
1537031 -11749114 -6879354
1537081 -11749057 -6879304
1537131 -11748997 -6879252
1537181 -11748940 -6879212
1537231 -11748878 -6879165
1537281 -11748821 -6879114
1537331 -11748767 -6879060
1537381 -11748706 -6879011
1537431 -11748648 -6878967
1537481 -11748586 -6878923
1537531 -11748529 -6878880
1537581 -11748472 -6878826
1537631 -11748412 -6878775
1537681 -11748356 -6878724
1537731 -11748306 -6878669
1537781 -11748249 -6878625
1537831 -11748189 -6878576
1537881 -11748126 -6878523
1537931 -11748067 -6878479
1537981 -11748002 -6878425
1538031 -11747939 -6878383
1538081 -11747876 -6878328
1538131 -11747814 -6878278
1538181 -11747754 -6878231
1538231 -11747698 -6878183
1538281 -11747637 -6878125
1538331 -11747575 -6878073
1538381 -11747511 -6878022
1538431 -11747451 -6877968
1538481 -11747391 -6877922
1538531 -11747327 -6877873
1538581 -11747264 -6877821
1538631 -11747204 -6877774
1538681 -11747138 -6877719
1538731 -11747080 -6877673
1538781 -11747020 -6877618
1538831 -11746956 -6877565
1538881 -11746893 -6877522
1538931 -11746829 -6877477
1538981 -11746768 -6877432
1539031 -11746702 -6877376
1539081 -11746642 -6877326
1539131 -11746583 -6877275
1539181 -11746521 -6877222
1539231 -11746466 -6877171
1539281 -11746404 -6877123
1539331 -11746341 -6877080
1539381 -11746278 -6877033
1539431 -11746216 -6876982
1539481 -11746156 -6876933
1539531 -11746099 -6876881
1539581 -11746037 -6876829
1539631 -11745974 -6876784
1539681 -11745915 -6876728
1539731 -11745857 -6876677
1539781 -11745794 -6876626
1539831 -11745733 -6876571
1539881 -11745671 -6876525
1539931 -11745607 -6876468
1539981 -11745548 -6876422
1540031 -11745486 -6876367
1540081 -11745426 -6876315
1540131 -11745368 -6876271
1540181 -11745305 -6876216
1540231 -11745243 -6876171
1540281 -11745181 -6876127
1540331 -11745119 -6876074
1540381 -11745055 -6876025
1540431 -11744993 -6875977
1540481 -11744929 -6875926
1540531 -11744865 -6875874
1540581 -11744804 -6875827
1540631 -11744741 -6875783
1540681 -11744682 -6875739
1540731 -11744623 -6875687
1540781 -11744559 -6875642
1540831 -11744503 -6875598
1540881 -11744441 -6875548
1540931 -11744380 -6875506
1540981 -11744320 -6875451
1541031 -11744256 -6875409
1541081 -11744195 -6875360
1541131 -11744135 -6875311
1541181 -11744073 -6875255
1541231 -11744007 -6875206
1541281 -11743945 -6875161
1541331 -11743890 -6875120
1541381 -11743826 -6875079
1541431 -11743770 -6875029
1541481 -11743715 -6874984
1541531 -11743659 -6874927
1541581 -11743599 -6874880
1541631 -11743533 -6874831
1541681 -11743472 -6874778
1541731 -11743405 -6874728
1541781 -11743341 -6874676
1541831 -11743279 -6874627
1541881 -11743220 -6874578
1541931 -11743162 -6874529
1541981 -11743106 -6874475
1542031 -11743047 -6874425
1542081 -11742988 -6874373
1542131 -11742928 -6874327
1542181 -11742864 -6874276
1542231 -11742803 -6874227
1542281 -11742744 -6874175
1542331 -11742679 -6874125
1542381 -11742627 -6874078
1542431 -11742565 -6874029
1542481 -11742507 -6873979
1542531 -11742446 -6873933
1542581 -11742385 -6873884
1542631 -11742325 -6873836
1542681 -11742272 -6873785
1542731 -11742220 -6873733
1542781 -11742156 -6873689
1542831 -11742094 -6873641
1542881 -11742030 -6873594
1542931 -11741969 -6873539
1542981 -11741906 -6873499
1543031 -11741844 -6873448
1543081 -11741778 -6873399
1543131 -11741713 -6873350
1543181 -11741656 -6873304
1543231 -11741595 -6873255
1543281 -11741537 -6873206
1543331 -11741479 -6873153
1543381 -11741419 -6873104
1543431 -11741357 -6873057
1543481 -11741295 -6873005
1543531 -11741233 -6872955
1543581 -11741172 -6872905
1543631 -11741116 -6872867
1543681 -11741053 -6872820
1543731 -11740989 -6872777
1543781 -11740925 -6872728
1543831 -11740864 -6872683
1543881 -11740805 -6872633
1543931 -11740741 -6872580
1543981 -11740682 -6872526
1544031 -11740620 -6872476
1544081 -11740560 -6872422
1544131 -11740496 -6872370
1544181 -11740430 -6872330
1544231 -11740368 -6872280
1544281 -11740300 -6872229
1544331 -11740238 -6872171
1544381 -11740179 -6872119
1544431 -11740123 -6872062
1544481 -11740060 -6872013
1544531 -11739997 -6871961
1544581 -11739935 -6871913
1544631 -11739872 -6871865
1544681 -11739812 -6871819
1544731 -11739752 -6871778
1544781 -11739690 -6871727
1544831 -11739626 -6871672
1544881 -11739562 -6871624
1544931 -11739498 -6871570
1544981 -11739440 -6871517
1545031 -11739379 -6871463
1545081 -11739316 -6871417
1545131 -11739255 -6871372
1545181 -11739193 -6871319
1545231 -11739131 -6871273
1545281 -11739071 -6871227
1545331 -11739009 -6871176
1545381 -11738949 -6871136
1545431 -11738888 -6871092
1545481 -11738827 -6871045
1545531 -11738765 -6870990
1545581 -11738710 -6870940
1545631 -11738644 -6870891
1545681 -11738580 -6870843
1545731 -11738522 -6870795
1545781 -11738459 -6870745
1545831 -11738398 -6870694
1545881 -11738338 -6870641
1545931 -11738276 -6870595
1545981 -11738214 -6870545
1546031 -11738160 -6870497
1546081 -11738100 -6870447
1546131 -11738038 -6870391
1546181 -11737977 -6870334
1546231 -11737918 -6870289
1546281 -11737855 -6870234
1546331 -11737804 -6870172
1546381 -11737755 -6870104
1546431 -11737710 -6870035
1546481 -11737659 -6869970
1546531 -11737614 -6869907
1546581 -11737563 -6869844
1546631 -11737508 -6869781
1546681 -11737460 -6869718
1546731 -11737412 -6869655
1546781 -11737360 -6869592
1546831 -11737311 -6869528
1546881 -11737262 -6869462
1546931 -11737208 -6869397
1546981 -11737152 -6869332
1547031 -11737104 -6869269
1547081 -11737056 -6869206
1547131 -11737006 -6869143
1547181 -11736959 -6869081
1547231 -11736907 -6869018
1547281 -11736852 -6868955
1547331 -11736806 -6868891
1547381 -11736758 -6868828
1547431 -11736706 -6868763
1547481 -11736658 -6868699
1547531 -11736606 -6868636
1547581 -11736551 -6868573
1547631 -11736504 -6868510
1547681 -11736458 -6868446
1547731 -11736444 -6868423
1547781 -11736440 -6868404
1547831 -11736432 -6868388
1547881 -11736431 -6868386
1547931 -11736431 -6868386
1547981 -11736431 -6868387
1548031 -11736431 -6868388
1548081 -11736431 -6868388
1548131 -11736431 -6868388
1548181 -11736431 -6868388
1548231 -11736431 -6868388
1548281 -11736431 -6868388
1548331 -11736431 -6868388
1548381 -11736431 -6868388
1548431 -11736431 -6868388
1548481 -11736431 -6868388
1548531 -11736431 -6868388
1548581 -11736431 -6868388
1548631 -11736431 -6868388
1548681 -11736431 -6868388
1548731 -11736431 -6868388
1548781 -11736431 -6868388
1548831 -11736431 -6868388
1548881 -11736431 -6868388
1548931 -11736431 -6868388
1548981 -11736431 -6868388
1549031 -11736431 -6868388
1549081 -11736431 -6868388
1549131 -11736431 -6868388
1549181 -11736431 -6868388
1549231 -11736431 -6868388
1549281 -11736431 -6868388
1549331 -11736431 -6868388
1549381 -11736431 -6868388
1549431 -11736431 -6868388
1549481 -11736431 -6868388
1549531 -11736431 -6868388
1549581 -11736431 -6868388
1549631 -11736431 -6868388
1549681 -11736431 -6868388
1549731 -11736431 -6868388
1549781 -11736431 -6868388
1549831 -11736431 -6868388
1549881 -11736431 -6868388
1549931 -11736431 -6868388
1549981 -11736431 -6868388
1550031 -11736431 -6868388
1550081 -11736431 -6868388
1550131 -11736431 -6868388
1550181 -11736431 -6868388
1550231 -11736431 -6868388
1550281 -11736431 -6868388
1550331 -11736431 -6868388
1550381 -11736431 -6868388
1550431 -11736431 -6868388
1550481 -11736431 -6868388
1550531 -11736431 -6868388
1550581 -11736431 -6868388
1550631 -11736431 -6868388
1550681 -11736431 -6868388
1550731 -11736431 -6868388
1550781 -11736431 -6868388
1550831 -11736431 -6868388
1550881 -11736431 -6868388
1550931 -11736431 -6868388
1550981 -11736431 -6868388
1551031 -11736431 -6868388
1551081 -11736431 -6868388
1551131 -11736431 -6868388
1551181 -11736431 -6868388
1551231 -11736431 -6868388
1551281 -11736431 -6868388
1551331 -11736431 -6868388
1551381 -11736431 -6868388
1551431 -11736431 -6868388
1551481 -11736431 -6868388
1551531 -11736431 -6868388
1551581 -11736431 -6868388
1551631 -11736431 -6868388
1551681 -11736431 -6868388
1551731 -11736431 -6868388
1551781 -11736431 -6868388
1551831 -11736431 -6868388
1551881 -11736431 -6868388
1551931 -11736431 -6868388
1551981 -11736431 -6868388
1552031 -11736431 -6868388
1552081 -11736431 -6868388
1552131 -11736431 -6868388
1552181 -11736431 -6868388
1552231 -11736457 -6868427
1552281 -11736495 -6868466
1552331 -11736540 -6868510
1552381 -11736598 -6868563
1552431 -11736657 -6868621
1552481 -11736720 -6868684
1552531 -11736784 -6868748
1552581 -11736848 -6868813
1552631 -11736912 -6868876
1552681 -11736976 -6868939
1552731 -11737038 -6869003
1552781 -11737102 -6869066
1552831 -11737165 -6869130
1552881 -11737229 -6869193
1552931 -11737293 -6869257
1552981 -11737358 -6869322
1553031 -11737423 -6869386
1553081 -11737488 -6869449
1553131 -11737552 -6869513
1553181 -11737614 -6869576
1553231 -11737677 -6869638
1553281 -11737740 -6869701
1553331 -11737804 -6869763
1553381 -11737869 -6869827
1553431 -11737934 -6869891
1553481 -11737998 -6869954
1553531 -11738062 -6870017
1553581 -11738126 -6870081
1553631 -11738189 -6870145
1553681 -11738253 -6870207
1553731 -11738317 -6870269
1553781 -11738381 -6870332
1553831 -11738446 -6870396
1553881 -11738509 -6870459
1553931 -11738573 -6870523
1553981 -11738638 -6870587
1554031 -11738702 -6870651
1554081 -11738767 -6870715
1554131 -11738831 -6870779
1554181 -11738895 -6870842
1554231 -11738958 -6870906
1554281 -11739021 -6870970
1554331 -11739085 -6871035
1554381 -11739149 -6871098
1554431 -11739212 -6871160
1554481 -11739276 -6871223
1554531 -11739340 -6871286
1554581 -11739404 -6871350
1554631 -11739468 -6871415
1554681 -11739533 -6871481
1554731 -11739598 -6871545
1554781 -11739663 -6871611
1554831 -11739728 -6871675
1554881 -11739792 -6871740
1554931 -11739854 -6871803
1554981 -11739917 -6871867
1555031 -11739980 -6871931
1555081 -11740044 -6871996
1555131 -11740109 -6872061
1555181 -11740172 -6872124
1555231 -11740236 -6872186
1555281 -11740298 -6872250
1555331 -11740361 -6872313
1555381 -11740425 -6872376
1555431 -11740489 -6872439
1555481 -11740553 -6872503
1555531 -11740618 -6872568
1555581 -11740682 -6872633
1555631 -11740748 -6872697
1555681 -11740812 -6872760
1555731 -11740874 -6872824
1555781 -11740936 -6872886
1555831 -11740999 -6872948
1555881 -11741062 -6873011
1555931 -11741128 -6873075
1555981 -11741193 -6873136
1556031 -11741258 -6873199
1556081 -11741322 -6873262
1556131 -11741386 -6873325
1556181 -11741450 -6873390
1556231 -11741514 -6873452
1556281 -11741578 -6873515
1556331 -11741642 -6873578
1556381 -11741706 -6873642
1556431 -11741770 -6873706
1556481 -11741834 -6873770
1556531 -11741898 -6873836
1556581 -11741963 -6873900
1556631 -11742028 -6873964
1556681 -11742092 -6874029
1556731 -11742156 -6874093
1556781 -11742220 -6874157
1556831 -11742284 -6874222
1556881 -11742348 -6874287
1556931 -11742412 -6874351
1556981 -11742476 -6874414
1557031 -11742540 -6874477
1557081 -11742604 -6874541
1557131 -11742668 -6874606
1557181 -11742732 -6874671
1557231 -11742797 -6874736
1557281 -11742862 -6874802
1557331 -11742927 -6874867
1557381 -11742992 -6874931
1557431 -11743056 -6874996
1557481 -11743119 -6875060
1557531 -11743183 -6875124
1557581 -11743246 -6875188
1557631 -11743311 -6875253
1557681 -11743376 -6875318
1557731 -11743440 -6875381
1557781 -11743503 -6875444
1557831 -11743566 -6875508
1557881 -11743629 -6875571
1557931 -11743693 -6875634
1557981 -11743757 -6875698
1558031 -11743821 -6875762
1558081 -11743886 -6875827
1558131 -11743952 -6875892
1558181 -11744017 -6875956
1558231 -11744081 -6876020
1558281 -11744145 -6876084
1558331 -11744207 -6876147
1558381 -11744270 -6876209
1558431 -11744336 -6876272
1558481 -11744401 -6876336
1558531 -11744466 -6876399
1558581 -11744531 -6876463
1558631 -11744596 -6876526
1558681 -11744660 -6876590
1558731 -11744724 -6876654
1558781 -11744787 -6876718
1558831 -11744850 -6876780
1558881 -11744915 -6876843
1558931 -11744980 -6876908
1558981 -11745044 -6876971
1559031 -11745108 -6877035
1559081 -11745172 -6877100
1559131 -11745237 -6877164
1559181 -11745301 -6877227
1559231 -11745364 -6877291
1559281 -11745428 -6877354
1559331 -11745490 -6877416
1559381 -11745554 -6877481
1559431 -11745617 -6877546
1559481 -11745681 -6877609
1559531 -11745744 -6877671
1559581 -11745808 -6877735
1559631 -11745872 -6877799
1559681 -11745936 -6877864
1559731 -11746000 -6877929
1559781 -11746065 -6877994
1559831 -11746130 -6878059
1559881 -11746195 -6878124
1559931 -11746259 -6878189
1559981 -11746322 -6878253
1560031 -11746386 -6878317
1560081 -11746449 -6878381
1560131 -11746513 -6878445
1560181 -11746577 -6878510
1560231 -11746642 -6878574
1560281 -11746706 -6878638
1560331 -11746769 -6878702
1560381 -11746832 -6878764
1560431 -11746895 -6878828
1560481 -11746958 -6878890
1560531 -11747022 -6878954
1560581 -11747086 -6879017
1560631 -11747150 -6879082
1560681 -11747215 -6879146
1560731 -11747280 -6879210
1560781 -11747344 -6879274
1560831 -11747408 -6879337
1560881 -11747469 -6879399
1560931 -11747533 -6879462
1560981 -11747597 -6879524
1561031 -11747662 -6879588
1561081 -11747728 -6879652
1561131 -11747792 -6879716
1561181 -11747856 -6879779
1561231 -11747920 -6879843
1561281 -11747984 -6879908
1561331 -11748048 -6879970
1561381 -11748112 -6880032
1561431 -11748176 -6880096
1561481 -11748240 -6880160
1561531 -11748305 -6880224
1561581 -11748368 -6880288
1561631 -11748433 -6880353
1561681 -11748498 -6880418
1561731 -11748563 -6880482
1561781 -11748628 -6880546
1561831 -11748692 -6880610
1561881 -11748755 -6880674
1561931 -11748819 -6880739
1561981 -11748883 -6880804
1562031 -11748946 -6880867
1562081 -11749010 -6880930
1562131 -11749073 -6880992
1562181 -11749137 -6881056
1562231 -11749202 -6881122
1562281 -11749267 -6881187
1562331 -11749332 -6881252
1562381 -11749397 -6881316
1562431 -11749462 -6881382
1562481 -11749526 -6881446
1562531 -11749589 -6881510
1562581 -11749652 -6881574
1562631 -11749716 -6881638
1562681 -11749780 -6881703
1562731 -11749844 -6881767
1562781 -11749908 -6881832
1562831 -11749972 -6881896
1562881 -11750036 -6881959
1562931 -11750099 -6882022
1562981 -11750162 -6882086
1563031 -11750226 -6882148
1563081 -11750290 -6882211
1563131 -11750354 -6882275
1563181 -11750419 -6882340
1563231 -11750484 -6882404
1563281 -11750548 -6882467
1563331 -11750613 -6882531
1563381 -11750675 -6882594
1563431 -11750737 -6882656
1563481 -11750800 -6882719
1563531 -11750864 -6882782
1563581 -11750929 -6882846
1563631 -11750993 -6882909
1563681 -11751057 -6882972
1563731 -11751121 -6883035
1563781 -11751185 -6883098
1563831 -11751249 -6883162
1563881 -11751312 -6883224
1563931 -11751375 -6883286
1563981 -11751439 -6883349
1564031 -11751504 -6883413
1564081 -11751568 -6883477
1564131 -11751631 -6883541
1564181 -11751694 -6883605
1564231 -11751760 -6883670
1564281 -11751824 -6883734
1564331 -11751888 -6883798
1564381 -11751952 -6883862
1564431 -11752014 -6883925
1564481 -11752078 -6883990
1564531 -11752142 -6884054
1564581 -11752206 -6884118
1564631 -11752269 -6884180
1564681 -11752333 -6884244
1564731 -11752398 -6884308
1564781 -11752463 -6884373
1564831 -11752528 -6884439
1564881 -11752593 -6884504
1564931 -11752658 -6884570
1564981 -11752723 -6884635
1565031 -11752786 -6884700
1565081 -11752850 -6884764
1565131 -11752913 -6884828
1565181 -11752977 -6884892
1565231 -11753041 -6884956
1565281 -11753105 -6885021
1565331 -11753169 -6885086
1565381 -11753234 -6885150
1565431 -11753298 -6885213
1565481 -11753361 -6885276
1565531 -11753424 -6885339
1565581 -11753488 -6885402
1565631 -11753552 -6885466
1565681 -11753616 -6885530
1565731 -11753680 -6885595
1565781 -11753745 -6885660
1565831 -11753792 -6885711
1565881 -11753756 -6885716
1565931 -11753756 -6885723
1565981 -11753754 -6885726
1566031 -11753736 -6885719
1566081 -11753702 -6885705
1566131 -11753668 -6885677
1566181 -11753633 -6885643
1566231 -11753593 -6885605
1566281 -11753544 -6885562
1566331 -11753494 -6885521
1566381 -11753440 -6885474
1566431 -11753388 -6885424
1566481 -11753326 -6885373
1566531 -11753264 -6885323
1566581 -11753205 -6885265
1566631 -11753133 -6885214
1566681 -11753061 -6885153
1566731 -11752986 -6885106
1566781 -11752913 -6885063
1566831 -11752840 -6885004
1566881 -11752764 -6884946
1566931 -11752686 -6884887
1566981 -11752603 -6884833
1567031 -11752521 -6884777
1567081 -11752446 -6884731
1567131 -11752364 -6884666
1567181 -11752294 -6884604
1567231 -11752228 -6884542
1567281 -11752155 -6884485
1567331 -11752088 -6884433
1567381 -11752020 -6884375
1567431 -11751946 -6884318
1567481 -11751871 -6884270
1567531 -11751797 -6884216
1567581 -11751724 -6884155
1567631 -11751653 -6884098
1567681 -11751583 -6884035
1567731 -11751514 -6883977
1567781 -11751440 -6883918
1567831 -11751367 -6883853
1567881 -11751291 -6883789
1567931 -11751209 -6883727
1567981 -11751135 -6883679
1568031 -11751064 -6883622
1568081 -11750988 -6883556
1568131 -11750910 -6883501
1568181 -11750836 -6883446
1568231 -11750756 -6883396
1568281 -11750684 -6883340
1568331 -11750607 -6883280
1568381 -11750532 -6883212
1568431 -11750466 -6883158
1568481 -11750395 -6883099
1568531 -11750325 -6883063
1568581 -11750247 -6883011
1568631 -11750175 -6882949
1568681 -11750101 -6882886
1568731 -11750026 -6882830
1568781 -11749951 -6882780
1568831 -11749879 -6882729
1568881 -11749800 -6882674
1568931 -11749729 -6882645
1568981 -11749666 -6882621
1569031 -11749618 -6882600
1569081 -11749584 -6882582
1569131 -11749564 -6882563
1569181 -11749552 -6882548
1569231 -11749545 -6882538
1569281 -11749538 -6882528
1569331 -11749530 -6882522
1569381 -11749523 -6882515
1569431 -11749516 -6882508
1569481 -11749510 -6882502
1569531 -11749504 -6882496
1569581 -11749498 -6882490
1569631 -11749490 -6882484
1569681 -11749484 -6882478
1569731 -11749477 -6882472
1569781 -11749470 -6882470
1569831 -11749464 -6882464
1569881 -11749458 -6882458
1569931 -11749452 -6882451
1569981 -11749444 -6882445
1570031 -11749437 -6882439
1570081 -11749432 -6882433
1570131 -11749425 -6882428
1570181 -11749420 -6882424
1570231 -11749412 -6882418
1570281 -11749404 -6882412
1570331 -11749396 -6882406
1570381 -11749390 -6882400
1570431 -11749384 -6882393
1570481 -11749378 -6882386
1570531 -11749371 -6882382
1570581 -11749364 -6882376
1570631 -11749358 -6882370
1570681 -11749352 -6882363
1570731 -11749345 -6882357
1570781 -11749338 -6882351
1570831 -11749329 -6882347
1570881 -11749320 -6882339
1570931 -11749311 -6882330
1570981 -11749300 -6882322
1571031 -11749293 -6882314
1571081 -11749285 -6882306
1571131 -11749276 -6882298
1571181 -11749269 -6882291
1571231 -11749261 -6882284
1571281 -11749252 -6882277
1571331 -11749242 -6882269
1571381 -11749232 -6882260
1571431 -11749223 -6882252
1571481 -11749212 -6882242
1571531 -11749204 -6882233
1571581 -11749196 -6882225
1571631 -11749186 -6882217
1571681 -11749176 -6882209
1571731 -11749165 -6882200
1571781 -11749154 -6882191
1571831 -11749142 -6882182
1571881 -11749133 -6882172
1571931 -11749124 -6882165
1571981 -11749116 -6882156
1572031 -11749104 -6882148
1572081 -11749094 -6882140
1572131 -11749084 -6882131
1572181 -11749074 -6882122
1572231 -11749064 -6882114
1572281 -11749053 -6882097
1572331 -11749038 -6882077
1572381 -11749012 -6882056
1572431 -11748982 -6882030
1572481 -11748952 -6881999
1572531 -11748913 -6881963
1572581 -11748873 -6881930
1572631 -11748828 -6881888
1572681 -11748781 -6881844
1572731 -11748730 -6881802
1572781 -11748681 -6881760
1572831 -11748626 -6881712
1572881 -11748568 -6881671
1572931 -11748508 -6881618
1572981 -11748446 -6881568
1573031 -11748390 -6881515
1573081 -11748332 -6881466
1573131 -11748278 -6881416
1573181 -11748213 -6881362
1573231 -11748150 -6881308
1573281 -11748085 -6881260
1573331 -11748021 -6881210
1573381 -11747959 -6881156
1573431 -11747899 -6881120
1573481 -11747838 -6881075
1573531 -11747777 -6881022
1573581 -11747714 -6880977
1573631 -11747657 -6880925
1573681 -11747589 -6880878
1573731 -11747524 -6880837
1573781 -11747459 -6880787
1573831 -11747399 -6880737
1573881 -11747343 -6880682
1573931 -11747289 -6880642
1573981 -11747226 -6880600
1574031 -11747165 -6880544
1574081 -11747108 -6880502
1574131 -11747047 -6880453
1574181 -11746984 -6880402
1574231 -11746924 -6880354
1574281 -11746863 -6880298
1574331 -11746804 -6880242
1574381 -11746744 -6880190
1574431 -11746680 -6880140
1574481 -11746615 -6880093
1574531 -11746552 -6880042
1574581 -11746495 -6879989
1574631 -11746441 -6879938
1574681 -11746383 -6879894
1574731 -11746319 -6879848
1574781 -11746256 -6879803
1574831 -11746201 -6879754
1574881 -11746137 -6879701
1574931 -11746073 -6879649
1574981 -11746009 -6879596
1575031 -11745945 -6879546
1575081 -11745885 -6879499
1575131 -11745825 -6879444
1575181 -11745766 -6879395
1575231 -11745705 -6879345
1575281 -11745646 -6879299
1575331 -11745583 -6879252
1575381 -11745520 -6879208
1575431 -11745459 -6879167
1575481 -11745397 -6879123
1575531 -11745336 -6879076
1575581 -11745280 -6879031
1575631 -11745217 -6878978
1575681 -11745154 -6878933
1575731 -11745097 -6878876
1575781 -11745034 -6878826
1575831 -11744973 -6878779
1575881 -11744910 -6878725
1575931 -11744846 -6878683
1575981 -11744783 -6878629
1576031 -11744719 -6878577
1576081 -11744657 -6878533
1576131 -11744593 -6878483
1576181 -11744529 -6878433
1576231 -11744466 -6878394
1576281 -11744404 -6878348
1576331 -11744342 -6878302
1576381 -11744289 -6878257
1576431 -11744231 -6878209
1576481 -11744173 -6878158
1576531 -11744115 -6878117
1576581 -11744055 -6878069
1576631 -11743993 -6878021
1576681 -11743931 -6877974
1576731 -11743869 -6877936
1576781 -11743807 -6877883
1576831 -11743745 -6877834
1576881 -11743679 -6877790
1576931 -11743621 -6877738
1576981 -11743565 -6877691
1577031 -11743506 -6877646
1577081 -11743444 -6877594
1577131 -11743390 -6877551
1577181 -11743326 -6877509
1577231 -11743267 -6877451
1577281 -11743207 -6877402
1577331 -11743145 -6877357
1577381 -11743083 -6877307
1577431 -11743025 -6877256
1577481 -11742962 -6877213
1577531 -11742905 -6877166
1577581 -11742843 -6877116
1577631 -11742777 -6877067
1577681 -11742713 -6877025
1577731 -11742653 -6876977
1577781 -11742591 -6876929
1577831 -11742529 -6876880
1577881 -11742469 -6876825
1577931 -11742413 -6876777
1577981 -11742355 -6876732
1578031 -11742293 -6876682
1578081 -11742231 -6876634
1578131 -11742168 -6876581
1578181 -11742105 -6876533
1578231 -11742045 -6876486
1578281 -11741981 -6876435
1578331 -11741917 -6876383
1578381 -11741851 -6876330
1578431 -11741789 -6876288
1578481 -11741727 -6876241
1578531 -11741665 -6876192
1578581 -11741605 -6876143
1578631 -11741543 -6876094
1578681 -11741478 -6876056
1578731 -11741411 -6876001
1578781 -11741343 -6875947
1578831 -11741281 -6875892
1578881 -11741218 -6875844
1578931 -11741157 -6875801
1578981 -11741097 -6875753
1579031 -11741035 -6875712
1579081 -11740976 -6875662
1579131 -11740919 -6875614
1579181 -11740864 -6875565
1579231 -11740804 -6875522
1579281 -11740742 -6875475
1579331 -11740678 -6875429
1579381 -11740614 -6875375
1579431 -11740549 -6875329
1579481 -11740488 -6875287
1579531 -11740426 -6875243
1579581 -11740363 -6875194
1579631 -11740300 -6875150
1579681 -11740236 -6875097
1579731 -11740175 -6875055
1579781 -11740111 -6875010
1579831 -11740053 -6874962
1579881 -11739994 -6874907
1579931 -11739932 -6874860
1579981 -11739874 -6874817
1580031 -11739814 -6874773
1580081 -11739755 -6874732
1580131 -11739693 -6874689
1580181 -11739626 -6874638
1580231 -11739564 -6874583
1580281 -11739501 -6874531
1580331 -11739440 -6874490
1580381 -11739385 -6874444
1580431 -11739325 -6874398
1580481 -11739264 -6874351
1580531 -11739202 -6874300
1580581 -11739140 -6874250
1580631 -11739081 -6874207
1580681 -11739020 -6874159
1580731 -11738960 -6874112
1580781 -11738897 -6874062
1580831 -11738835 -6874008
1580881 -11738772 -6873960
1580931 -11738707 -6873914
1580981 -11738641 -6873863
1581031 -11738577 -6873812
1581081 -11738517 -6873774
1581131 -11738455 -6873726
1581181 -11738392 -6873670
1581231 -11738333 -6873621
1581281 -11738269 -6873568
1581331 -11738208 -6873516
1581381 -11738143 -6873472
1581431 -11738076 -6873420
1581481 -11738011 -6873376
1581531 -11737949 -6873326
1581581 -11737889 -6873273
1581631 -11737829 -6873227
1581681 -11737770 -6873181
1581731 -11737710 -6873132
1581781 -11737653 -6873086
1581831 -11737592 -6873036
1581881 -11737529 -6872990
1581931 -11737468 -6872941
1581981 -11737405 -6872902
1582031 -11737347 -6872852
1582081 -11737290 -6872806
1582131 -11737230 -6872756
1582181 -11737168 -6872700
1582231 -11737105 -6872653
1582281 -11737043 -6872605
1582331 -11736983 -6872556
1582381 -11736921 -6872514
1582431 -11736861 -6872468
1582481 -11736799 -6872426
1582531 -11736737 -6872372
1582581 -11736676 -6872328
1582631 -11736613 -6872282
1582681 -11736550 -6872225
1582731 -11736487 -6872179
1582781 -11736423 -6872126
1582831 -11736359 -6872078
1582881 -11736295 -6872023
1582931 -11736231 -6871974
1582981 -11736168 -6871926
1583031 -11736107 -6871870
1583081 -11736044 -6871819
1583131 -11735984 -6871766
1583181 -11735923 -6871714
1583231 -11735866 -6871670
1583281 -11735802 -6871619
1583331 -11735740 -6871567
1583381 -11735683 -6871522
1583431 -11735620 -6871481
1583481 -11735558 -6871434
1583531 -11735494 -6871384
1583581 -11735429 -6871336
1583631 -11735365 -6871282
1583681 -11735303 -6871227
1583731 -11735246 -6871180
1583781 -11735187 -6871125
1583831 -11735127 -6871070
1583881 -11735112 -6871037
1583931 -11735111 -6871014
1583981 -11735111 -6871000
1584031 -11735111 -6870996
1584081 -11735111 -6870996
1584131 -11735111 -6870996
1584181 -11735111 -6870996
1584231 -11735111 -6870996
1584281 -11735111 -6870996
1584331 -11735111 -6870996
1584381 -11735111 -6870996
1584431 -11735111 -6870996
1584481 -11735111 -6870996
1584531 -11735111 -6870996
1584581 -11735111 -6870996
1584631 -11735111 -6870996
1584681 -11735111 -6870996
1584731 -11735111 -6870996
1584781 -11735111 -6870996
1584831 -11735111 -6870996
1584881 -11735111 -6870996
1584931 -11735111 -6870996
1584981 -11735111 -6870996
1585031 -11735111 -6870996
1585081 -11735111 -6870996
1585131 -11735111 -6870996
1585181 -11735111 -6870996
1585231 -11735111 -6870996
1585281 -11735111 -6870996
1585331 -11735111 -6870996
1585381 -11735111 -6870996
1585431 -11735111 -6870996
1585481 -11735111 -6870996
1585531 -11735111 -6870996
1585581 -11735111 -6870996
1585631 -11735111 -6870996
1585681 -11735111 -6870996
1585731 -11735111 -6870996
1585781 -11735111 -6870996
1585831 -11735111 -6870996
1585881 -11735111 -6870996
1585931 -11735111 -6870996
1585981 -11735111 -6870996
1586031 -11735111 -6870996
1586081 -11735111 -6870996
1586131 -11735111 -6870996
1586181 -11735111 -6870996
1586231 -11735111 -6870996
1586281 -11735111 -6870996
1586331 -11735111 -6870996
1586381 -11735111 -6870996
1586431 -11735111 -6870996
1586481 -11735111 -6870996
1586531 -11735111 -6870996
1586581 -11735111 -6870996
1586631 -11735111 -6870996
1586681 -11735111 -6870996
1586731 -11735111 -6870996
1586781 -11735111 -6870996
1586831 -11735111 -6870996
1586881 -11735111 -6870996
1586931 -11735111 -6870996
1586981 -11735111 -6870996
1587031 -11735111 -6870996
1587081 -11735111 -6870996
1587131 -11735111 -6870996
1587181 -11735111 -6870996
1587231 -11735111 -6870996
1587281 -11735111 -6870996
1587331 -11735111 -6870996
1587381 -11735111 -6870996
1587431 -11735111 -6870996
1587481 -11735111 -6870996
1587531 -11735111 -6870996
1587581 -11735111 -6870996
1587631 -11735111 -6870996
1587681 -11735111 -6870996
1587731 -11735111 -6870996
1587781 -11735111 -6870996
1587831 -11735111 -6870996
1587881 -11735111 -6870996
1587931 -11735111 -6870996
1587981 -11735111 -6870996
1588031 -11735111 -6870996
1588081 -11735111 -6870996
1588131 -11735111 -6870996
1588181 -11735111 -6870996
1588231 -11735111 -6870996
1588281 -11735111 -6870996
1588331 -11735111 -6870996
1588381 -11735111 -6870996
1588431 -11735111 -6870996
1588481 -11735111 -6870996
1588531 -11735111 -6870996
1588581 -11735111 -6870996
1588631 -11735111 -6870996
1588681 -11735111 -6870996
1588731 -11735111 -6870996
1588781 -11735111 -6870996
1588831 -11735111 -6870996
1588881 -11735111 -6870996
1588931 -11735111 -6870996
1588981 -11735111 -6870996
1589031 -11735111 -6870996
