1187094 -11946464 -7057229
1187144 -11946464 -7057229
1187194 -11946464 -7057229
1187244 -11946464 -7057229
1187294 -11946464 -7057229
1187344 -11946464 -7057229
1187394 -11946464 -7057229
1187444 -11946464 -7057229
1187494 -11946464 -7057229
1187544 -11946464 -7057229
1187594 -11946464 -7057229
1187644 -11946464 -7057229
1187694 -11946464 -7057229
1187744 -11946464 -7057229
1187794 -11946464 -7057229
1187844 -11946464 -7057229
1187894 -11946464 -7057229
1187944 -11946464 -7057229
1187994 -11946464 -7057229
1188044 -11946464 -7057229
1188094 -11946464 -7057229
1188144 -11946464 -7057229
1188194 -11946464 -7057229
1188244 -11946464 -7057229
1188294 -11946464 -7057229
1188344 -11946464 -7057229
1188394 -11946464 -7057229
1188444 -11946464 -7057229
1188494 -11946464 -7057229
1188544 -11946464 -7057229
1188594 -11946464 -7057229
1188644 -11946464 -7057229
1188694 -11946464 -7057229
1188744 -11946464 -7057229
1188794 -11946464 -7057229
1188844 -11946464 -7057229
1188894 -11946464 -7057229
1188944 -11946464 -7057229
1188994 -11946464 -7057229
1189044 -11946464 -7057229
1189094 -11946464 -7057229
1189144 -11946464 -7057229
1189194 -11946464 -7057229
1189244 -11946464 -7057229
1189294 -11946464 -7057229
1189344 -11946464 -7057229
1189394 -11946464 -7057229
1189444 -11946464 -7057229
1189494 -11946464 -7057229
1189544 -11946464 -7057229
1189594 -11946464 -7057229
1189644 -11946464 -7057229
1189694 -11946464 -7057229
1189744 -11946464 -7057229
1189794 -11946464 -7057229
1189844 -11946464 -7057229
1189894 -11946464 -7057229
1189944 -11946464 -7057229
1189994 -11946464 -7057229
1190044 -11946464 -7057229
1190094 -11946464 -7057229
1190144 -11946464 -7057229
1190194 -11946464 -7057229
1190244 -11946464 -7057229
1190294 -11946464 -7057229
1190344 -11946464 -7057229
1190394 -11946464 -7057229
1190444 -11946464 -7057229
1190494 -11946464 -7057229
1190544 -11946464 -7057229
1190594 -11946464 -7057229
1190644 -11946464 -7057229
1190694 -11946464 -7057229
1190744 -11946464 -7057229
1190794 -11946464 -7057229
1190844 -11946464 -7057229
1190894 -11946464 -7057229
1190944 -11946464 -7057229
1190994 -11946464 -7057229
1191044 -11946464 -7057229
1191094 -11946464 -7057229
1191144 -11946464 -7057229
1191194 -11946464 -7057229
1191244 -11946464 -7057229
1191294 -11946464 -7057229
1191344 -11946464 -7057229
1191394 -11946464 -7057229
1191444 -11946464 -7057229
1191494 -11946464 -7057229
1191544 -11946464 -7057229
1191594 -11946464 -7057229
1191644 -11946464 -7057229
1191694 -11946464 -7057229
1191744 -11946464 -7057229
1191794 -11946464 -7057229
1191844 -11946464 -7057229
1191894 -11946464 -7057229
1191944 -11946464 -7057229
1191994 -11946464 -7057229
1192044 -11946464 -7057229
1192094 -11946464 -7057229
1192144 -11946464 -7057229
1192194 -11946464 -7057229
1192244 -11946464 -7057229
1192294 -11946464 -7057229
1192344 -11946464 -7057229
1192394 -11946464 -7057229
1192444 -11946464 -7057229
1192494 -11946464 -7057229
1192544 -11946464 -7057229
1192594 -11946464 -7057229
1192644 -11946464 -7057229
1192694 -11946464 -7057229
1192744 -11946464 -7057229
1192794 -11946464 -7057229
1192844 -11946464 -7057229
1192894 -11946464 -7057229
1192944 -11946464 -7057229
1192994 -11946464 -7057229
1193044 -11946464 -7057229
1193094 -11946464 -7057229
1193144 -11946464 -7057229
1193194 -11946464 -7057229
1193244 -11946464 -7057229
1193294 -11946464 -7057229
1193344 -11946464 -7057229
1193394 -11946464 -7057229
1193444 -11946464 -7057229
1193494 -11946464 -7057229
1193544 -11946464 -7057229
1193594 -11946464 -7057229
1193644 -11946464 -7057229
1193694 -11946464 -7057229
1193744 -11946464 -7057229
1193794 -11946464 -7057229
1193844 -11946464 -7057229
1193894 -11946464 -7057229
1193944 -11946464 -7057229
1193994 -11946464 -7057229
1194044 -11946464 -7057229
1194094 -11946464 -7057229
1194144 -11946464 -7057229
1194194 -11946464 -7057229
1194244 -11946464 -7057229
1194294 -11946464 -7057229
1194344 -11946464 -7057229
1194394 -11946464 -7057229
1194444 -11946464 -7057229
1194494 -11946464 -7057229
1194544 -11946464 -7057229
1194594 -11946464 -7057229
1194644 -11946464 -7057229
1194694 -11946464 -7057229
1194744 -11946464 -7057229
1194794 -11946464 -7057229
1194844 -11946464 -7057229
1194894 -11946464 -7057229
1194944 -11946464 -7057229
1194994 -11946464 -7057229
1195044 -11946464 -7057229
1195094 -11946464 -7057229
1195144 -11946464 -7057229
1195194 -11946464 -7057229
1195244 -11946464 -7057229
1195294 -11946464 -7057229
1195344 -11946464 -7057229
1195394 -11946464 -7057229
1195444 -11946464 -7057229
1195494 -11946464 -7057229
1195544 -11946464 -7057229
1195594 -11946464 -7057229
1195644 -11946464 -7057229
1195694 -11946447 -7057229
1195744 -11946427 -7057229
1195794 -11946413 -7057218
1195844 -11946397 -7057198
1195894 -11946374 -7057179
1195944 -11946349 -7057159
1195994 -11946325 -7057135
1196044 -11946295 -7057108
1196094 -11946262 -7057079
1196144 -11946227 -7057046
1196194 -11946187 -7057009
1196244 -11946145 -7056973
1196294 -11946097 -7056930
1196344 -11946047 -7056885
1196394 -11945993 -7056837
1196444 -11945935 -7056789
1196494 -11945874 -7056735
1196544 -11945812 -7056679
1196594 -11945744 -7056624
1196644 -11945674 -7056564
1196694 -11945608 -7056503
1196744 -11945532 -7056442
1196794 -11945454 -7056394
1196844 -11945371 -7056332
1196894 -11945294 -7056281
1196944 -11945210 -7056226
1196994 -11945122 -7056170
1197044 -11945040 -7056113
1197094 -11944940 -7056047
1197144 -11944847 -7055981
1197194 -11944761 -7055917
1197244 -11944673 -7055847
1197294 -11944581 -7055784
1197344 -11944485 -7055717
1197394 -11944404 -7055648
1197444 -11944315 -7055579
1197494 -11944226 -7055514
1197544 -11944135 -7055446
1197594 -11944046 -7055384
1197644 -11943962 -7055315
1197694 -11943871 -7055242
1197744 -11943779 -7055178
1197794 -11943690 -7055107
1197844 -11943602 -7055046
1197894 -11943513 -7054964
1197944 -11943417 -7054905
1197994 -11943320 -7054842
1198044 -11943233 -7054768
1198094 -11943148 -7054689
1198144 -11943059 -7054620
1198194 -11942972 -7054548
1198244 -11942880 -7054484
1198294 -11942800 -7054414
1198344 -11942711 -7054340
1198394 -11942623 -7054279
1198444 -11942529 -7054207
1198494 -11942442 -7054133
1198544 -11942348 -7054062
1198594 -11942260 -7053992
1198644 -11942173 -7053928
1198694 -11942083 -7053857
1198744 -11941990 -7053788
1198794 -11941898 -7053714
1198844 -11941806 -7053636
1198894 -11941718 -7053561
1198944 -11941632 -7053491
1198994 -11941544 -7053424
1199044 -11941450 -7053353
1199094 -11941360 -7053285
1199144 -11941277 -7053220
1199194 -11941187 -7053147
1199244 -11941097 -7053080
1199294 -11941012 -7053010
1199344 -11940926 -7052959
1199394 -11940842 -7052889
1199444 -11940754 -7052817
1199494 -11940671 -7052756
1199544 -11940578 -7052685
1199594 -11940491 -7052622
1199644 -11940402 -7052543
1199694 -11940312 -7052473
1199744 -11940217 -7052405
1199794 -11940127 -7052332
1199844 -11940043 -7052254
1199894 -11939959 -7052179
1199944 -11939869 -7052110
1199994 -11939793 -7052035
1200044 -11939709 -7051973
1200094 -11939616 -7051905
1200144 -11939527 -7051844
1200194 -11939441 -7051771
1200244 -11939356 -7051699
1200294 -11939269 -7051625
1200344 -11939188 -7051549
1200394 -11939101 -7051481
1200444 -11939014 -7051412
1200494 -11938924 -7051347
1200544 -11938834 -7051293
1200594 -11938750 -7051246
1200644 -11938676 -7051175
1200694 -11938587 -7051103
1200744 -11938499 -7051035
1200794 -11938410 -7050964
1200844 -11938328 -7050895
1200894 -11938244 -7050824
1200944 -11938157 -7050758
1200994 -11938071 -7050691
1201044 -11937991 -7050635
1201094 -11937912 -7050568
1201144 -11937826 -7050506
1201194 -11937740 -7050440
1201244 -11937657 -7050383
1201294 -11937576 -7050306
1201344 -11937488 -7050244
1201394 -11937400 -7050175
1201444 -11937308 -7050108
1201494 -11937220 -7050042
1201544 -11937132 -7049971
1201594 -11937050 -7049901
1201644 -11936960 -7049832
1201694 -11936875 -7049759
1201744 -11936792 -7049693
1201794 -11936704 -7049623
1201844 -11936623 -7049559
1201894 -11936532 -7049494
1201944 -11936446 -7049426
1201994 -11936362 -7049359
1202044 -11936281 -7049296
1202094 -11936195 -7049234
1202144 -11936109 -7049157
1202194 -11936022 -7049096
1202244 -11935941 -7049023
1202294 -11935851 -7048950
1202344 -11935771 -7048887
1202394 -11935687 -7048826
1202444 -11935610 -7048755
1202494 -11935529 -7048687
1202544 -11935437 -7048615
1202594 -11935350 -7048544
1202644 -11935264 -7048470
1202694 -11935178 -7048402
1202744 -11935098 -7048332
1202794 -11935016 -7048255
1202844 -11934929 -7048185
1202894 -11934844 -7048123
1202944 -11934761 -7048059
1202994 -11934676 -7047991
1203044 -11934594 -7047923
1203094 -11934509 -7047853
1203144 -11934426 -7047783
1203194 -11934338 -7047715
1203244 -11934248 -7047651
1203294 -11934158 -7047574
1203344 -11934070 -7047505
1203394 -11933987 -7047438
1203444 -11933910 -7047371
1203494 -11933819 -7047307
1203544 -11933730 -7047252
1203594 -11933642 -7047183
1203644 -11933562 -7047121
1203694 -11933472 -7047044
1203744 -11933408 -7046926
1203794 -11933362 -7046779
1203844 -11933336 -7046636
1203894 -11933284 -7046507
1203944 -11933226 -7046386
1203994 -11933155 -7046274
1204044 -11933074 -7046160
1204094 -11932986 -7046039
1204144 -11932898 -7045916
1204194 -11932808 -7045791
1204244 -11932728 -7045668
1204294 -11932639 -7045542
1204344 -11932556 -7045417
1204394 -11932462 -7045292
1204444 -11932378 -7045164
1204494 -11932288 -7045039
1204544 -11932204 -7044917
1204594 -11932115 -7044792
1204644 -11932026 -7044668
1204694 -11931944 -7044544
1204744 -11931854 -7044420
1204794 -11931771 -7044292
1204844 -11931680 -7044165
1204894 -11931596 -7044038
1204944 -11931507 -7043913
1204994 -11931422 -7043788
1205044 -11931336 -7043663
1205094 -11931242 -7043537
1205144 -11931155 -7043412
1205194 -11931062 -7043286
1205244 -11930982 -7043160
1205294 -11930886 -7043034
1205344 -11930803 -7042909
1205394 -11930714 -7042785
1205444 -11930628 -7042660
1205494 -11930542 -7042536
1205544 -11930450 -7042412
1205594 -11930362 -7042286
1205644 -11930268 -7042163
1205694 -11930186 -7042040
1205744 -11930096 -7041915
1205794 -11930010 -7041791
1205844 -11929915 -7041669
1205894 -11929832 -7041545
1205944 -11929736 -7041421
1205994 -11929650 -7041298
1206044 -11929566 -7041176
1206094 -11929472 -7041051
1206144 -11929386 -7040927
1206194 -11929296 -7040803
1206244 -11929214 -7040679
1206294 -11929123 -7040553
1206344 -11929039 -7040428
1206394 -11928948 -7040302
1206444 -11928871 -7040178
1206494 -11928783 -7040054
1206544 -11928704 -7039928
1206594 -11928614 -7039802
1206644 -11928524 -7039679
1206694 -11928444 -7039555
1206744 -11928350 -7039430
1206794 -11928270 -7039304
1206844 -11928179 -7039180
1206894 -11928096 -7039056
1206944 -11928006 -7038932
1206994 -11927919 -7038809
1207044 -11927827 -7038682
1207094 -11927742 -7038557
1207144 -11927656 -7038434
1207194 -11927562 -7038311
1207244 -11927479 -7038187
1207294 -11927383 -7038062
1207344 -11927300 -7037938
1207394 -11927216 -7037813
1207444 -11927139 -7037688
1207494 -11927050 -7037563
1207544 -11926976 -7037438
1207594 -11926888 -7037314
1207644 -11926802 -7037189
1207694 -11926716 -7037063
1207744 -11926638 -7036937
1207794 -11926564 -7036809
1207844 -11926478 -7036682
1207894 -11926404 -7036556
1207944 -11926320 -7036433
1207994 -11926242 -7036309
1208044 -11926160 -7036184
1208094 -11926070 -7036060
1208144 -11925984 -7035935
1208194 -11925898 -7035810
1208244 -11925818 -7035686
1208294 -11925731 -7035563
1208344 -11925648 -7035437
1208394 -11925558 -7035314
1208444 -11925479 -7035195
1208494 -11925386 -7035071
1208544 -11925307 -7034946
1208594 -11925217 -7034823
1208644 -11925126 -7034700
1208694 -11925040 -7034575
1208744 -11924948 -7034449
1208794 -11924861 -7034324
1208844 -11924774 -7034200
1208894 -11924692 -7034076
1208944 -11924607 -7033952
1208994 -11924524 -7033828
1209044 -11924435 -7033705
1209094 -11924350 -7033583
1209144 -11924262 -7033459
1209194 -11924183 -7033335
1209244 -11924096 -7033211
1209294 -11924008 -7033088
1209344 -11923930 -7032964
1209394 -11923839 -7032842
1209444 -11923758 -7032720
1209494 -11923667 -7032597
1209544 -11923584 -7032473
1209594 -11923494 -7032352
1209644 -11923414 -7032228
1209694 -11923326 -7032102
1209744 -11923238 -7031980
1209794 -11923152 -7031858
1209844 -11923068 -7031735
1209894 -11922984 -7031613
1209944 -11922895 -7031489
1209994 -11922811 -7031366
1210044 -11922720 -7031243
1210094 -11922638 -7031120
1210144 -11922546 -7030997
1210194 -11922463 -7030874
1210244 -11922371 -7030751
1210294 -11922287 -7030626
1210344 -11922195 -7030502
1210394 -11922114 -7030379
1210444 -11922023 -7030255
1210494 -11921938 -7030132
1210544 -11921851 -7030009
1210594 -11921759 -7029886
1210644 -11921672 -7029763
1210694 -11921580 -7029639
1210744 -11921496 -7029515
1210794 -11921406 -7029392
1210844 -11921324 -7029269
1210894 -11921230 -7029148
1210944 -11921142 -7029026
1210994 -11921050 -7028901
1211044 -11920968 -7028780
1211094 -11920882 -7028658
1211144 -11920798 -7028535
1211194 -11920711 -7028411
1211244 -11920622 -7028289
1211294 -11920538 -7028166
1211344 -11920450 -7028042
1211394 -11920364 -7027917
1211444 -11920271 -7027794
1211494 -11920190 -7027672
1211544 -11920102 -7027548
1211594 -11920018 -7027426
1211644 -11919931 -7027302
1211694 -11919856 -7027178
1211744 -11919769 -7027053
1211794 -11919690 -7026928
1211844 -11919602 -7026804
1211894 -11919520 -7026681
1211944 -11919443 -7026557
1211994 -11919358 -7026433
1212044 -11919279 -7026310
1212094 -11919196 -7026187
1212144 -11919122 -7026064
1212194 -11919038 -7025939
1212244 -11918963 -7025817
1212294 -11918882 -7025693
1212344 -11918799 -7025569
1212394 -11918720 -7025447
1212444 -11918638 -7025323
1212494 -11918560 -7025200
1212544 -11918478 -7025076
1212594 -11918402 -7024954
1212644 -11918310 -7024828
1212694 -11918227 -7024704
1212744 -11918140 -7024579
1212794 -11918066 -7024455
1212844 -11917986 -7024331
1212894 -11917910 -7024206
1212944 -11917826 -7024082
1212994 -11917747 -7023958
1213044 -11917668 -7023834
1213094 -11917590 -7023709
1213144 -11917506 -7023585
1213194 -11917426 -7023460
1213244 -11917346 -7023336
1213294 -11917260 -7023213
1213344 -11917182 -7023091
1213394 -11917091 -7022968
1213444 -11917010 -7022845
1213494 -11916922 -7022721
1213544 -11916840 -7022600
1213594 -11916756 -7022476
1213644 -11916672 -7022351
1213694 -11916583 -7022228
1213744 -11916500 -7022106
1213794 -11916419 -7021984
1213844 -11916336 -7021861
1213894 -11916260 -7021737
1213944 -11916170 -7021615
1213994 -11916091 -7021490
1214044 -11916007 -7021365
1214094 -11915934 -7021240
1214144 -11915844 -7021117
1214194 -11915767 -7020993
1214244 -11915687 -7020868
1214294 -11915610 -7020744
1214344 -11915530 -7020619
1214394 -11915443 -7020494
1214444 -11915358 -7020369
1214494 -11915275 -7020246
1214544 -11915196 -7020123
1214594 -11915110 -7020000
1214644 -11915034 -7019876
1214694 -11914946 -7019752
1214744 -11914872 -7019629
1214794 -11914787 -7019505
1214844 -11914708 -7019383
1214894 -11914618 -7019262
1214944 -11914538 -7019137
1214994 -11914454 -7019014
1215044 -11914375 -7018891
1215094 -11914300 -7018768
1215144 -11914213 -7018643
1215194 -11914142 -7018520
1215244 -11914052 -7018397
1215294 -11913982 -7018273
1215344 -11913895 -7018151
1215394 -11913828 -7018028
1215444 -11913747 -7017905
1215494 -11913676 -7017781
1215544 -11913592 -7017656
1215594 -11913510 -7017531
1215644 -11913435 -7017409
1215694 -11913360 -7017284
1215744 -11913284 -7017160
1215794 -11913207 -7017036
1215844 -11913131 -7016912
1215894 -11913046 -7016791
1215944 -11912975 -7016667
1215994 -11912887 -7016544
1216044 -11912808 -7016422
1216094 -11912726 -7016299
1216144 -11912644 -7016174
1216194 -11912558 -7016054
1216244 -11912484 -7015930
1216294 -11912402 -7015806
1216344 -11912318 -7015685
1216394 -11912240 -7015564
1216444 -11912152 -7015442
1216494 -11912072 -7015318
1216544 -11911982 -7015196
1216594 -11911902 -7015071
1216644 -11911815 -7014946
1216694 -11911733 -7014823
1216744 -11911650 -7014699
1216794 -11911572 -7014576
1216844 -11911491 -7014453
1216894 -11911402 -7014329
1216944 -11911326 -7014205
1216994 -11911240 -7014081
1217044 -11911166 -7013956
1217094 -11911084 -7013832
1217144 -11911010 -7013707
1217194 -11910927 -7013583
1217244 -11910843 -7013460
1217294 -11910755 -7013336
1217344 -11910664 -7013213
1217394 -11910579 -7013091
1217444 -11910488 -7012968
1217494 -11910408 -7012847
1217544 -11910318 -7012725
1217594 -11910232 -7012600
1217644 -11910146 -7012477
1217694 -11910064 -7012357
1217744 -11909974 -7012234
1217794 -11909892 -7012113
1217844 -11909806 -7011991
1217894 -11909714 -7011869
1217944 -11909626 -7011745
1217994 -11909536 -7011621
1218044 -11909452 -7011497
1218094 -11909361 -7011373
1218144 -11909216 -7011301
1218194 -11909080 -7011232
1218244 -11908968 -7011162
1218294 -11908870 -7011090
1218344 -11908756 -7011021
1218394 -11908646 -7010951
1218444 -11908537 -7010870
1218494 -11908427 -7010795
1218544 -11908335 -7010713
1218594 -11908247 -7010636
1218644 -11908151 -7010555
1218694 -11908060 -7010484
1218744 -11907966 -7010411
1218794 -11907874 -7010337
1218844 -11907786 -7010266
1218894 -11907696 -7010196
1218944 -11907610 -7010128
1218994 -11907526 -7010064
1219044 -11907440 -7009996
1219094 -11907358 -7009926
1219144 -11907270 -7009865
1219194 -11907186 -7009787
1219244 -11907111 -7009725
1219294 -11907025 -7009657
1219344 -11906943 -7009588
1219394 -11906864 -7009511
1219444 -11906782 -7009443
1219494 -11906699 -7009378
1219544 -11906611 -7009313
1219594 -11906525 -7009255
1219644 -11906440 -7009187
1219694 -11906356 -7009124
1219744 -11906272 -7009043
1219794 -11906192 -7008978
1219844 -11906109 -7008904
1219894 -11906024 -7008841
1219944 -11905944 -7008781
1219994 -11905860 -7008718
1220044 -11905770 -7008652
1220094 -11905689 -7008575
1220144 -11905602 -7008509
1220194 -11905514 -7008437
1220244 -11905430 -7008371
1220294 -11905343 -7008290
1220344 -11905262 -7008231
1220394 -11905176 -7008152
1220444 -11905088 -7008082
1220494 -11905004 -7008006
1220544 -11904911 -7007927
1220594 -11904820 -7007860
1220644 -11904743 -7007791
1220694 -11904665 -7007723
1220744 -11904579 -7007669
1220794 -11904494 -7007589
1220844 -11904408 -7007522
1220894 -11904324 -7007446
1220944 -11904231 -7007380
1220994 -11904153 -7007321
1221044 -11904068 -7007257
1221094 -11903989 -7007193
1221144 -11903901 -7007129
1221194 -11903814 -7007058
1221244 -11903737 -7006990
1221294 -11903655 -7006918
1221344 -11903570 -7006852
1221394 -11903486 -7006789
1221444 -11903399 -7006736
1221494 -11903318 -7006668
1221544 -11903232 -7006599
1221594 -11903149 -7006531
1221644 -11903065 -7006468
1221694 -11902977 -7006396
1221744 -11902893 -7006326
1221794 -11902806 -7006259
1221844 -11902729 -7006196
1221894 -11902650 -7006121
1221944 -11902568 -7006054
1221994 -11902483 -7005987
1222044 -11902406 -7005930
1222094 -11902320 -7005864
1222144 -11902236 -7005796
1222194 -11902146 -7005732
1222244 -11902058 -7005665
1222294 -11901976 -7005592
1222344 -11901886 -7005514
1222394 -11901794 -7005446
1222444 -11901706 -7005382
1222494 -11901627 -7005308
1222544 -11901549 -7005239
1222594 -11901461 -7005163
1222644 -11901378 -7005098
1222694 -11901296 -7005026
1222744 -11901206 -7004965
1222794 -11901126 -7004894
1222844 -11901041 -7004837
1222894 -11900954 -7004775
1222944 -11900869 -7004709
1222994 -11900785 -7004654
1223044 -11900699 -7004594
1223094 -11900622 -7004536
1223144 -11900545 -7004479
1223194 -11900470 -7004426
1223244 -11900396 -7004368
1223294 -11900323 -7004306
1223344 -11900251 -7004248
1223394 -11900170 -7004187
1223444 -11900093 -7004135
1223494 -11900019 -7004071
1223544 -11899939 -7004008
1223594 -11899865 -7003947
1223644 -11899787 -7003889
1223694 -11899715 -7003820
1223744 -11899635 -7003768
1223794 -11899560 -7003706
1223844 -11899486 -7003645
1223894 -11899408 -7003580
1223944 -11899337 -7003516
1223994 -11899259 -7003463
1224044 -11899180 -7003401
1224094 -11899107 -7003334
1224144 -11899034 -7003265
1224194 -11898959 -7003199
1224244 -11898882 -7003127
1224294 -11898806 -7003062
1224344 -11898727 -7003002
1224394 -11898653 -7002935
1224444 -11898576 -7002886
1224494 -11898502 -7002828
1224544 -11898428 -7002769
1224594 -11898352 -7002705
1224644 -11898276 -7002638
1224694 -11898198 -7002572
1224744 -11898125 -7002511
1224794 -11898050 -7002455
1224844 -11897972 -7002386
1224894 -11897895 -7002335
1224944 -11897818 -7002276
1224994 -11897747 -7002219
1225044 -11897672 -7002167
1225094 -11897596 -7002118
1225144 -11897529 -7002059
1225194 -11897450 -7002002
1225244 -11897376 -7001944
1225294 -11897300 -7001875
1225344 -11897221 -7001807
1225394 -11897145 -7001741
1225444 -11897072 -7001685
1225494 -11896994 -7001627
1225544 -11896916 -7001573
1225594 -11896840 -7001523
1225644 -11896766 -7001463
1225694 -11896691 -7001405
1225744 -11896626 -7001351
1225794 -11896555 -7001288
1225844 -11896481 -7001234
1225894 -11896405 -7001174
1225944 -11896327 -7001112
1225994 -11896247 -7001050
1226044 -11896167 -7000985
1226094 -11896088 -7000930
1226144 -11896019 -7000874
1226194 -11895942 -7000817
1226244 -11895873 -7000757
1226294 -11895802 -7000696
1226344 -11895733 -7000635
1226394 -11895666 -7000581
1226444 -11895598 -7000521
1226494 -11895534 -7000471
1226544 -11895470 -7000412
1226594 -11895410 -7000359
1226644 -11895350 -7000305
1226694 -11895286 -7000261
1226744 -11895228 -7000205
1226794 -11895163 -7000149
1226844 -11895098 -7000104
1226894 -11895032 -7000044
1226944 -11894967 -6999990
1226994 -11894905 -6999935
1227044 -11894843 -6999884
1227094 -11894781 -6999829
1227144 -11894723 -6999775
1227194 -11894662 -6999723
1227244 -11894601 -6999672
1227294 -11894540 -6999619
1227344 -11894477 -6999572
1227394 -11894414 -6999519
1227444 -11894351 -6999464
1227494 -11894287 -6999410
1227544 -11894224 -6999356
1227594 -11894162 -6999301
1227644 -11894098 -6999246
1227694 -11894035 -6999197
1227744 -11893972 -6999150
1227794 -11893908 -6999097
1227844 -11893844 -6999044
1227894 -11893781 -6998991
1227944 -11893716 -6998944
1227994 -11893651 -6998889
1228044 -11893591 -6998833
1228094 -11893523 -6998780
1228144 -11893463 -6998722
1228194 -11893401 -6998664
1228244 -11893337 -6998611
1228294 -11893277 -6998561
1228344 -11893210 -6998509
1228394 -11893145 -6998456
1228444 -11893085 -6998405
1228494 -11893018 -6998350
1228544 -11892952 -6998295
1228594 -11892892 -6998240
1228644 -11892827 -6998185
1228694 -11892768 -6998131
1228744 -11892703 -6998075
1228794 -11892636 -6998018
1228844 -11892571 -6997962
1228894 -11892509 -6997905
1228944 -11892446 -6997855
1228994 -11892389 -6997799
1229044 -11892329 -6997744
1229094 -11892267 -6997696
1229144 -11892209 -6997641
1229194 -11892144 -6997589
1229244 -11892084 -6997536
1229294 -11892020 -6997490
1229344 -11891954 -6997436
1229394 -11891890 -6997381
1229444 -11891824 -6997322
1229494 -11891758 -6997264
1229544 -11891696 -6997207
1229594 -11891630 -6997147
1229644 -11891570 -6997098
1229694 -11891506 -6997044
1229744 -11891444 -6996989
1229794 -11891382 -6996936
1229844 -11891322 -6996881
1229894 -11891264 -6996830
1229944 -11891205 -6996778
1229994 -11891148 -6996727
1230044 -11891086 -6996673
1230094 -11891028 -6996619
1230144 -11890964 -6996563
1230194 -11890902 -6996509
1230244 -11890841 -6996453
1230294 -11890778 -6996400
1230344 -11890712 -6996347
1230394 -11890652 -6996288
1230444 -11890588 -6996233
1230494 -11890528 -6996187
1230544 -11890466 -6996138
1230594 -11890403 -6996086
1230644 -11890342 -6996027
1230694 -11890284 -6995973
1230744 -11890225 -6995923
1230794 -11890162 -6995878
1230844 -11890099 -6995825
1230894 -11890040 -6995773
1230944 -11889980 -6995720
1230994 -11889918 -6995671
1231044 -11889854 -6995619
1231094 -11889788 -6995569
1231144 -11889722 -6995518
1231194 -11889662 -6995467
1231244 -11889605 -6995408
1231294 -11889545 -6995356
1231344 -11889485 -6995302
1231394 -11889421 -6995252
1231444 -11889356 -6995203
1231494 -11889289 -6995148
1231544 -11889223 -6995090
1231594 -11889164 -6995041
1231644 -11889108 -6994984
1231694 -11889052 -6994930
1231744 -11888990 -6994884
1231794 -11888929 -6994842
1231844 -11888865 -6994787
1231894 -11888805 -6994736
1231944 -11888739 -6994684
1231994 -11888679 -6994627
1232044 -11888622 -6994574
1232094 -11888557 -6994518
1232144 -11888492 -6994466
1232194 -11888433 -6994410
1232244 -11888371 -6994357
1232294 -11888317 -6994301
1232344 -11888256 -6994251
1232394 -11888196 -6994205
1232444 -11888136 -6994152
1232494 -11888073 -6994103
1232544 -11888018 -6994055
1232594 -11887958 -6994000
1232644 -11887895 -6993957
1232694 -11887831 -6993908
1232744 -11887767 -6993856
1232794 -11887701 -6993800
1232844 -11887639 -6993749
1232894 -11887576 -6993695
1232944 -11887509 -6993640
1232994 -11887444 -6993592
1233044 -11887384 -6993543
1233094 -11887335 -6993491
1233144 -11887277 -6993436
1233194 -11887213 -6993386
1233244 -11887153 -6993329
1233294 -11887092 -6993280
1233344 -11887028 -6993228
1233394 -11886964 -6993170
1233444 -11886902 -6993113
1233494 -11886842 -6993058
1233544 -11886781 -6993006
1233594 -11886717 -6992952
1233644 -11886652 -6992902
1233694 -11886584 -6992843
1233744 -11886523 -6992789
1233794 -11886459 -6992736
1233844 -11886395 -6992679
1233894 -11886328 -6992626
1233944 -11886265 -6992581
1233994 -11886206 -6992523
1234044 -11886144 -6992467
1234094 -11886074 -6992417
1234144 -11886006 -6992363
1234194 -11885944 -6992304
1234244 -11885880 -6992248
1234294 -11885818 -6992201
1234344 -11885752 -6992151
1234394 -11885688 -6992107
1234444 -11885628 -6992050
1234494 -11885567 -6991999
1234544 -11885503 -6991948
1234594 -11885438 -6991899
1234644 -11885372 -6991848
1234694 -11885308 -6991796
1234744 -11885244 -6991741
1234794 -11885183 -6991686
1234844 -11885126 -6991642
1234894 -11885065 -6991588
1234944 -11885007 -6991536
1234994 -11884946 -6991482
1235044 -11884891 -6991424
1235094 -11884830 -6991372
1235144 -11884775 -6991321
1235194 -11884711 -6991271
1235244 -11884647 -6991221
1235294 -11884584 -6991172
1235344 -11884520 -6991121
1235394 -11884461 -6991063
1235444 -11884397 -6991012
1235494 -11884333 -6990956
1235544 -11884269 -6990901
1235594 -11884207 -6990844
1235644 -11884145 -6990791
1235694 -11884083 -6990741
1235744 -11884019 -6990693
1235794 -11883955 -6990646
1235844 -11883902 -6990594
1235894 -11883840 -6990538
1235944 -11883776 -6990487
1235994 -11883717 -6990435
1236044 -11883652 -6990379
1236094 -11883588 -6990324
1236144 -11883524 -6990281
1236194 -11883460 -6990226
1236244 -11883398 -6990170
1236294 -11883332 -6990117
1236344 -11883272 -6990071
1236394 -11883214 -6990021
1236444 -11883156 -6989967
1236494 -11883092 -6989920
1236544 -11883028 -6989871
1236594 -11882964 -6989823
1236644 -11882898 -6989768
1236694 -11882833 -6989713
1236744 -11882774 -6989662
1236794 -11882712 -6989610
1236844 -11882650 -6989562
1236894 -11882588 -6989511
1236944 -11882526 -6989456
1236994 -11882466 -6989402
1237044 -11882405 -6989347
1237094 -11882348 -6989297
1237144 -11882284 -6989245
1237194 -11882220 -6989194
1237244 -11882158 -6989142
1237294 -11882093 -6989091
1237344 -11882032 -6989038
1237394 -11881972 -6988991
1237444 -11881913 -6988936
1237494 -11881849 -6988880
1237544 -11881789 -6988831
1237594 -11881725 -6988781
1237644 -11881662 -6988728
1237694 -11881604 -6988683
1237744 -11881542 -6988630
1237794 -11881483 -6988580
1237844 -11881422 -6988527
1237894 -11881360 -6988477
1237944 -11881302 -6988430
1237994 -11881242 -6988376
1238044 -11881176 -6988331
1238094 -11881112 -6988275
1238144 -11881052 -6988220
1238194 -11880991 -6988169
1238244 -11880930 -6988125
1238294 -11880869 -6988072
1238344 -11880810 -6988026
1238394 -11880748 -6987973
1238444 -11880690 -6987916
1238494 -11880627 -6987863
1238544 -11880563 -6987817
1238594 -11880499 -6987768
1238644 -11880437 -6987712
1238694 -11880373 -6987665
1238744 -11880308 -6987607
1238794 -11880242 -6987556
1238844 -11880175 -6987507
1238894 -11880109 -6987456
1238944 -11880049 -6987414
1238994 -11879990 -6987361
1239044 -11879930 -6987311
1239094 -11879866 -6987258
1239144 -11879800 -6987208
1239194 -11879734 -6987162
1239244 -11879669 -6987109
1239294 -11879604 -6987050
1239344 -11879539 -6986993
1239394 -11879480 -6986942
1239444 -11879421 -6986890
1239494 -11879356 -6986842
1239544 -11879290 -6986788
1239594 -11879224 -6986735
1239644 -11879160 -6986688
1239694 -11879096 -6986635
1239744 -11879036 -6986588
1239794 -11878972 -6986533
1239844 -11878910 -6986477
1239894 -11878848 -6986427
1239944 -11878784 -6986376
1239994 -11878722 -6986319
1240044 -11878661 -6986269
1240094 -11878600 -6986219
1240144 -11878538 -6986166
1240194 -11878479 -6986115
1240244 -11878415 -6986065
1240294 -11878351 -6986015
1240344 -11878289 -6985958
1240394 -11878225 -6985902
1240444 -11878163 -6985853
1240494 -11878097 -6985802
1240544 -11878033 -6985745
1240594 -11877968 -6985703
1240644 -11877903 -6985645
1240694 -11877837 -6985591
1240744 -11877772 -6985555
1240794 -11877712 -6985500
1240844 -11877648 -6985449
1240894 -11877589 -6985403
1240944 -11877529 -6985355
1240994 -11877468 -6985299
1241044 -11877406 -6985249
1241094 -11877342 -6985204
1241144 -11877280 -6985150
1241194 -11877216 -6985098
1241244 -11877152 -6985048
1241294 -11877088 -6984997
1241344 -11877027 -6984948
1241394 -11876961 -6984900
1241444 -11876896 -6984840
1241494 -11876835 -6984793
1241544 -11876772 -6984740
1241594 -11876708 -6984687
1241644 -11876646 -6984640
1241694 -11876581 -6984590
1241744 -11876516 -6984539
1241794 -11876452 -6984486
1241844 -11876390 -6984432
1241894 -11876325 -6984377
1241944 -11876260 -6984326
1241994 -11876196 -6984278
1242044 -11876134 -6984223
1242094 -11876070 -6984172
1242144 -11876006 -6984122
1242194 -11876017 -6984249
1242244 -11876051 -6984278
1242294 -11876076 -6984303
1242344 -11876126 -6984347
1242394 -11876189 -6984403
1242444 -11876252 -6984464
1242494 -11876315 -6984528
1242544 -11876381 -6984592
1242594 -11876447 -6984656
1242644 -11876513 -6984721
1242694 -11876578 -6984786
1242744 -11876643 -6984851
1242794 -11876709 -6984915
1242844 -11876774 -6984979
1242894 -11876841 -6985042
1242944 -11876905 -6985105
1242994 -11876969 -6985169
1243044 -11877033 -6985233
1243094 -11877097 -6985297
1243144 -11877161 -6985360
1243194 -11877225 -6985421
1243244 -11877289 -6985484
1243294 -11877353 -6985548
1243344 -11877417 -6985612
1243394 -11877482 -6985676
1243444 -11877546 -6985740
1243494 -11877610 -6985805
1243544 -11877674 -6985869
1243594 -11877738 -6985933
1243644 -11877801 -6985997
1243694 -11877864 -6986060
1243744 -11877926 -6986124
1243794 -11877989 -6986188
1243844 -11878053 -6986252
1243894 -11878116 -6986315
1243944 -11878179 -6986378
1243994 -11878243 -6986441
1244044 -11878307 -6986504
1244094 -11878371 -6986568
1244144 -11878434 -6986631
1244194 -11878497 -6986695
1244244 -11878561 -6986759
1244294 -11878625 -6986824
1244344 -11878690 -6986889
1244394 -11878754 -6986953
1244444 -11878818 -6987017
1244494 -11878882 -6987081
1244544 -11878946 -6987145
1244594 -11879009 -6987209
1244644 -11879073 -6987274
1244694 -11879136 -6987337
1244744 -11879200 -6987400
1244794 -11879265 -6987463
1244844 -11879329 -6987526
1244894 -11879392 -6987589
1244944 -11879457 -6987653
1244994 -11879520 -6987716
1245044 -11879584 -6987781
1245094 -11879649 -6987845
1245144 -11879714 -6987909
1245194 -11879781 -6987975
1245244 -11879846 -6988040
1245294 -11879910 -6988105
1245344 -11879975 -6988169
1245394 -11880041 -6988233
1245444 -11880106 -6988296
1245494 -11880170 -6988358
1245544 -11880234 -6988421
1245594 -11880298 -6988485
1245644 -11880362 -6988549
1245694 -11880426 -6988612
1245744 -11880489 -6988674
1245794 -11880553 -6988738
1245844 -11880618 -6988803
1245894 -11880683 -6988867
1245944 -11880748 -6988932
1245994 -11880813 -6988997
1246044 -11880877 -6989061
1246094 -11880941 -6989126
1246144 -11881005 -6989191
1246194 -11881069 -6989254
1246244 -11881133 -6989317
1246294 -11881197 -6989383
1246344 -11881261 -6989447
1246394 -11881324 -6989511
1246444 -11881387 -6989575
1246494 -11881450 -6989638
1246544 -11881514 -6989702
1246594 -11881578 -6989765
1246644 -11881642 -6989829
1246694 -11881706 -6989893
1246744 -11881769 -6989957
1246794 -11881833 -6990021
1246844 -11881897 -6990087
1246894 -11881962 -6990153
1246944 -11882028 -6990217
1246994 -11882093 -6990281
1247044 -11882157 -6990345
1247094 -11882221 -6990411
1247144 -11882285 -6990475
1247194 -11882350 -6990540
1247244 -11882414 -6990603
1247294 -11882478 -6990666
1247344 -11882543 -6990729
1247394 -11882607 -6990793
1247444 -11882671 -6990857
1247494 -11882724 -6990912
1247544 -11882683 -6990918
1247594 -11882676 -6990920
1247644 -11882676 -6990926
1247694 -11882666 -6990925
1247744 -11882641 -6990924
1247794 -11882611 -6990924
1247844 -11882582 -6990924
1247894 -11882546 -6990898
1247944 -11882513 -6990860
1247994 -11882475 -6990822
1248044 -11882427 -6990781
1248094 -11882379 -6990735
1248144 -11882325 -6990683
1248194 -11882267 -6990633
1248244 -11882207 -6990587
1248294 -11882141 -6990531
1248344 -11882073 -6990474
1248394 -11882005 -6990421
1248444 -11881938 -6990357
1248494 -11881868 -6990299
1248544 -11881798 -6990242
1248594 -11881723 -6990188
1248644 -11881649 -6990128
1248694 -11881577 -6990068
1248744 -11881501 -6990001
1248794 -11881427 -6989946
1248844 -11881353 -6989888
1248894 -11881274 -6989833
1248944 -11881194 -6989767
1248994 -11881122 -6989711
1249044 -11881044 -6989652
1249094 -11880970 -6989592
1249144 -11880895 -6989537
1249194 -11880818 -6989475
1249244 -11880746 -6989413
1249294 -11880671 -6989353
1249344 -11880597 -6989290
1249394 -11880521 -6989230
1249444 -11880447 -6989169
1249494 -11880374 -6989112
1249544 -11880301 -6989057
1249594 -11880225 -6988991
1249644 -11880147 -6988925
1249694 -11880070 -6988871
1249744 -11879997 -6988813
1249794 -11879918 -6988748
1249844 -11879838 -6988690
1249894 -11879762 -6988631
1249944 -11879680 -6988573
1249994 -11879602 -6988515
1250044 -11879530 -6988453
1250094 -11879460 -6988406
1250144 -11879393 -6988346
1250194 -11879314 -6988284
1250244 -11879241 -6988217
1250294 -11879163 -6988156
1250344 -11879094 -6988098
1250394 -11879018 -6988044
1250444 -11878942 -6987978
1250494 -11878864 -6987915
1250544 -11878790 -6987861
1250594 -11878712 -6987797
1250644 -11878638 -6987733
1250694 -11878560 -6987666
1250744 -11878484 -6987611
1250794 -11878406 -6987546
1250844 -11878329 -6987482
1250894 -11878254 -6987424
1250944 -11878176 -6987366
1250994 -11878099 -6987306
1251044 -11878020 -6987259
1251094 -11877956 -6987199
1251144 -11877878 -6987139
1251194 -11877800 -6987080
1251244 -11877723 -6987026
1251294 -11877644 -6986962
1251344 -11877568 -6986895
1251394 -11877492 -6986843
1251444 -11877416 -6986785
1251494 -11877340 -6986721
1251544 -11877268 -6986655
1251594 -11877188 -6986596
1251644 -11877113 -6986542
1251694 -11877036 -6986476
1251744 -11876959 -6986420
1251794 -11876886 -6986362
1251844 -11876810 -6986306
1251894 -11876729 -6986239
1251944 -11876654 -6986181
1251994 -11876575 -6986118
1252044 -11876498 -6986059
1252094 -11876418 -6985997
1252144 -11876343 -6985938
1252194 -11876266 -6985876
1252244 -11876189 -6985811
1252294 -11876111 -6985755
1252344 -11876037 -6985696
1252394 -11875961 -6985636
1252444 -11875885 -6985586
1252494 -11875806 -6985525
1252544 -11875733 -6985475
1252594 -11875664 -6985424
1252644 -11875591 -6985359
1252694 -11875521 -6985302
1252744 -11875447 -6985236
1252794 -11875370 -6985176
1252844 -11875299 -6985121
1252894 -11875223 -6985072
1252944 -11875149 -6985018
1252994 -11875073 -6984962
1253044 -11874995 -6984903
1253094 -11874916 -6984843
1253144 -11874837 -6984781
1253194 -11874831 -6984760
1253244 -11874872 -6984817
1253294 -11874880 -6984845
1253344 -11874924 -6984888
1253394 -11874984 -6984941
1253444 -11875045 -6984999
1253494 -11875109 -6985059
1253544 -11875173 -6985123
1253594 -11875237 -6985185
1253644 -11875302 -6985249
1253694 -11875368 -6985315
1253744 -11875432 -6985379
1253794 -11875496 -6985443
1253844 -11875560 -6985508
1253894 -11875625 -6985572
1253944 -11875690 -6985636
1253994 -11875756 -6985701
1254044 -11875821 -6985766
1254094 -11875886 -6985832
1254144 -11875952 -6985897
1254194 -11876016 -6985961
1254244 -11876081 -6986025
1254294 -11876145 -6986089
1254344 -11876209 -6986155
1254394 -11876276 -6986221
1254444 -11876341 -6986285
1254494 -11876406 -6986349
1254544 -11876470 -6986413
1254594 -11876534 -6986477
1254644 -11876598 -6986543
1254694 -11876664 -6986607
1254744 -11876728 -6986671
1254794 -11876793 -6986735
1254844 -11876858 -6986798
1254894 -11876921 -6986861
1254944 -11876986 -6986925
1254994 -11877050 -6986989
1255044 -11877114 -6987052
1255094 -11877178 -6987116
1255144 -11877242 -6987180
1255194 -11877306 -6987244
1255244 -11877369 -6987305
1255294 -11877432 -6987368
1255344 -11877495 -6987431
1255394 -11877558 -6987495
1255444 -11877622 -6987559
1255494 -11877685 -6987622
1255544 -11877749 -6987685
1255594 -11877813 -6987748
1255644 -11877876 -6987811
1255694 -11877940 -6987875
1255744 -11878003 -6987938
1255794 -11878066 -6988001
1255844 -11878130 -6988065
1255894 -11878194 -6988130
1255944 -11878257 -6988192
1255994 -11878321 -6988255
1256044 -11878385 -6988317
1256094 -11878448 -6988380
1256144 -11878512 -6988443
1256194 -11878575 -6988507
1256244 -11878638 -6988571
1256294 -11878702 -6988634
1256344 -11878766 -6988698
1256394 -11878829 -6988761
1256444 -11878893 -6988824
1256494 -11878958 -6988888
1256544 -11879024 -6988952
1256594 -11879088 -6989017
1256644 -11879153 -6989082
1256694 -11879216 -6989147
1256744 -11879277 -6989209
1256794 -11879340 -6989269
1256844 -11879401 -6989333
1256894 -11879465 -6989399
1256944 -11879531 -6989463
1256994 -11879597 -6989527
1257044 -11879663 -6989591
1257094 -11879728 -6989656
1257144 -11879793 -6989721
1257194 -11879860 -6989786
1257244 -11879925 -6989852
1257294 -11879990 -6989916
1257344 -11880055 -6989979
1257394 -11880120 -6990041
1257444 -11880184 -6990105
1257494 -11880249 -6990170
1257544 -11880313 -6990234
1257594 -11880378 -6990298
1257644 -11880443 -6990363
1257694 -11880507 -6990427
1257744 -11880570 -6990490
1257794 -11880633 -6990552
1257844 -11880697 -6990615
1257894 -11880760 -6990678
1257944 -11880824 -6990740
1257994 -11880888 -6990804
1258044 -11880952 -6990867
1258094 -11881014 -6990932
1258144 -11881078 -6990996
1258194 -11881141 -6991060
1258244 -11881205 -6991125
1258294 -11881270 -6991190
1258344 -11881334 -6991254
1258394 -11881398 -6991319
1258444 -11881464 -6991384
1258494 -11881528 -6991448
1258544 -11881592 -6991511
1258594 -11881656 -6991573
1258644 -11881720 -6991637
1258694 -11881784 -6991701
1258744 -11881848 -6991766
1258794 -11881912 -6991831
1258844 -11881977 -6991895
1258894 -11882041 -6991958
1258944 -11882105 -6992022
1258994 -11882169 -6992086
1259044 -11882233 -6992150
1259094 -11882299 -6992215
1259144 -11882364 -6992280
1259194 -11882429 -6992346
1259244 -11882494 -6992410
1259294 -11882559 -6992474
1259344 -11882622 -6992538
1259394 -11882686 -6992602
1259444 -11882750 -6992667
1259494 -11882816 -6992730
1259544 -11882880 -6992793
1259594 -11882944 -6992856
1259644 -11883008 -6992920
1259694 -11883072 -6992984
1259744 -11883135 -6993048
1259794 -11883200 -6993114
1259844 -11883264 -6993177
1259894 -11883328 -6993240
1259944 -11883392 -6993304
1259994 -11883456 -6993368
1260044 -11883521 -6993432
1260094 -11883586 -6993496
1260144 -11883650 -6993560
1260194 -11883715 -6993624
1260244 -11883779 -6993689
1260294 -11883843 -6993752
1260344 -11883906 -6993816
1260394 -11883969 -6993878
1260444 -11884033 -6993942
1260494 -11884097 -6994006
1260544 -11884161 -6994071
1260594 -11884225 -6994135
1260644 -11884289 -6994199
1260694 -11884352 -6994262
1260744 -11884416 -6994326
1260794 -11884480 -6994389
1260844 -11884542 -6994452
1260894 -11884605 -6994514
1260944 -11884669 -6994579
1260994 -11884733 -6994643
1261044 -11884797 -6994706
1261094 -11884861 -6994768
1261144 -11884925 -6994830
1261194 -11884988 -6994892
1261244 -11885052 -6994956
1261294 -11885115 -6995019
1261344 -11885179 -6995084
1261394 -11885242 -6995147
1261444 -11885307 -6995212
1261494 -11885372 -6995276
1261544 -11885436 -6995340
1261594 -11885500 -6995404
1261644 -11885565 -6995468
1261694 -11885629 -6995532
1261744 -11885694 -6995596
1261794 -11885760 -6995662
1261844 -11885824 -6995725
1261894 -11885888 -6995788
1261944 -11885952 -6995852
1261994 -11886017 -6995918
1262044 -11886082 -6995982
1262094 -11886148 -6996046
1262144 -11886212 -6996110
1262194 -11886276 -6996174
1262244 -11886340 -6996238
1262294 -11886404 -6996303
1262344 -11886469 -6996368
1262394 -11886534 -6996431
1262444 -11886598 -6996494
1262494 -11886662 -6996556
1262544 -11886725 -6996619
1262594 -11886789 -6996682
1262644 -11886853 -6996746
1262694 -11886917 -6996809
1262744 -11886981 -6996872
1262794 -11887044 -6996936
1262844 -11887108 -6997000
1262894 -11887169 -6997062
1262944 -11887232 -6997123
1262994 -11887296 -6997186
1263044 -11887358 -6997250
1263094 -11887421 -6997314
1263144 -11887485 -6997376
1263194 -11887548 -6997439
1263244 -11887610 -6997502
1263294 -11887673 -6997564
1263344 -11887736 -6997627
1263394 -11887800 -6997690
1263444 -11887861 -6997752
1263494 -11887924 -6997815
1263544 -11887988 -6997879
1263594 -11888052 -6997942
1263644 -11888114 -6998004
1263694 -11888152 -6998050
1263744 -11888108 -6998051
1263794 -11888106 -6998051
1263844 -11888104 -6998049
1263894 -11888086 -6998048
1263944 -11888052 -6998048
1263994 -11888013 -6998048
1264044 -11887972 -6998014
1264094 -11887928 -6997970
1264144 -11887878 -6997926
1264194 -11887820 -6997877
1264244 -11887760 -6997822
1264294 -11887698 -6997759
1264344 -11887632 -6997704
1264394 -11887560 -6997648
1264444 -11887486 -6997590
1264494 -11887414 -6997526
1264544 -11887335 -6997472
1264594 -11887258 -6997405
1264644 -11887180 -6997340
1264694 -11887108 -6997277
1264744 -11887032 -6997208
1264794 -11886956 -6997148
1264844 -11886876 -6997078
1264894 -11886799 -6997031
1264944 -11886726 -6996976
1264994 -11886648 -6996915
1265044 -11886570 -6996848
1265094 -11886494 -6996784
1265144 -11886419 -6996721
1265194 -11886346 -6996662
1265244 -11886271 -6996599
1265294 -11886196 -6996534
1265344 -11886117 -6996467
1265394 -11886040 -6996397
1265444 -11885966 -6996329
1265494 -11885898 -6996267
1265544 -11885827 -6996199
1265594 -11885754 -6996133
1265644 -11885678 -6996070
1265694 -11885605 -6996008
1265744 -11885531 -6995952
1265794 -11885461 -6995886
1265844 -11885385 -6995834
1265894 -11885313 -6995776
1265944 -11885248 -6995713
1265994 -11885175 -6995656
1266044 -11885099 -6995595
1266094 -11885022 -6995536
1266144 -11884951 -6995478
1266194 -11884879 -6995410
1266244 -11884801 -6995354
1266294 -11884723 -6995301
1266344 -11884648 -6995234
1266394 -11884568 -6995178
1266444 -11884494 -6995126
1266494 -11884427 -6995066
1266544 -11884355 -6995000
1266594 -11884279 -6994937
1266644 -11884213 -6994880
1266694 -11884136 -6994826
1266744 -11884059 -6994761
1266794 -11883988 -6994711
1266844 -11883914 -6994645
1266894 -11883842 -6994583
1266944 -11883762 -6994517
1266994 -11883690 -6994453
1267044 -11883618 -6994392
1267094 -11883540 -6994333
1267144 -11883462 -6994275
1267194 -11883388 -6994219
1267244 -11883312 -6994156
1267294 -11883233 -6994094
1267344 -11883158 -6994038
1267394 -11883084 -6993975
1267444 -11883010 -6993906
1267494 -11882935 -6993847
1267544 -11882858 -6993785
1267594 -11882779 -6993724
1267644 -11882707 -6993657
1267694 -11882631 -6993600
1267744 -11882557 -6993536
1267794 -11882485 -6993474
1267844 -11882411 -6993413
1267894 -11882339 -6993352
1267944 -11882261 -6993290
1267994 -11882190 -6993233
1268044 -11882121 -6993178
1268094 -11882051 -6993121
1268144 -11881980 -6993063
1268194 -11881916 -6993002
1268244 -11881838 -6992935
1268294 -11881761 -6992883
1268344 -11881683 -6992815
1268394 -11881604 -6992758
1268444 -11881528 -6992696
1268494 -11881448 -6992631
1268544 -11881380 -6992571
1268594 -11881308 -6992511
1268644 -11881241 -6992443
1268694 -11881165 -6992377
1268744 -11881089 -6992331
1268794 -11881015 -6992278
1268844 -11880949 -6992225
1268894 -11880877 -6992161
1268944 -11880801 -6992105
1268994 -11880730 -6992039
1269044 -11880656 -6991975
1269094 -11880580 -6991915
1269144 -11880502 -6991857
1269194 -11880425 -6991795
1269244 -11880351 -6991734
1269294 -11880276 -6991676
1269344 -11880199 -6991609
1269394 -11880119 -6991545
1269444 -11880039 -6991483
1269494 -11879964 -6991410
1269544 -11879894 -6991340
1269594 -11879818 -6991282
1269644 -11879743 -6991221
1269694 -11879668 -6991159
1269744 -11879594 -6991111
1269794 -11879524 -6991053
1269844 -11879456 -6990995
1269894 -11879378 -6990932
1269944 -11879309 -6990867
1269994 -11879242 -6990800
1270044 -11879169 -6990747
1270094 -11879092 -6990689
1270144 -11879014 -6990629
1270194 -11878934 -6990567
1270244 -11878865 -6990501
1270294 -11878789 -6990439
1270344 -11878720 -6990393
1270394 -11878641 -6990328
1270444 -11878564 -6990264
1270494 -11878490 -6990206
1270544 -11878415 -6990143
1270594 -11878340 -6990090
1270644 -11878267 -6990022
1270694 -11878197 -6989962
1270744 -11878123 -6989904
1270794 -11878046 -6989842
1270844 -11877968 -6989782
1270894 -11877893 -6989719
1270944 -11877819 -6989654
1270994 -11877748 -6989596
1271044 -11877676 -6989536
1271094 -11877596 -6989487
1271144 -11877517 -6989435
1271194 -11877440 -6989369
1271244 -11877362 -6989301
1271294 -11877284 -6989235
1271344 -11877208 -6989176
1271394 -11877134 -6989119
1271444 -11877058 -6989066
1271494 -11876977 -6988998
1271544 -11876897 -6988945
1271594 -11876820 -6988883
1271644 -11876746 -6988826
1271694 -11876671 -6988762
1271744 -11876597 -6988695
1271794 -11876519 -6988636
1271844 -11876442 -6988579
1271894 -11876365 -6988516
1271944 -11876292 -6988461
1271994 -11876214 -6988405
1272044 -11876137 -6988355
1272094 -11876062 -6988300
1272144 -11875989 -6988233
1272194 -11875913 -6988169
1272244 -11875837 -6988117
1272294 -11875764 -6988056
1272344 -11875687 -6987999
1272394 -11875612 -6987944
1272444 -11875534 -6987888
1272494 -11875458 -6987825
1272544 -11875382 -6987761
1272594 -11875303 -6987711
1272644 -11875227 -6987647
1272694 -11875151 -6987588
1272744 -11875074 -6987533
1272794 -11874996 -6987467
1272844 -11874919 -6987411
1272894 -11874844 -6987348
1272944 -11874768 -6987286
1272994 -11874690 -6987228
1273044 -11874613 -6987172
1273094 -11874536 -6987109
1273144 -11874457 -6987049
1273194 -11874384 -6986984
1273244 -11874304 -6986943
1273294 -11874224 -6986890
1273344 -11874152 -6986834
1273394 -11874086 -6986779
1273444 -11874020 -6986726
1273494 -11873954 -6986673
1273544 -11873893 -6986626
1273594 -11873826 -6986581
1273644 -11873757 -6986529
1273694 -11873693 -6986481
1273744 -11873629 -6986425
1273794 -11873565 -6986380
1273844 -11873505 -6986332
1273894 -11873444 -6986278
1273944 -11873385 -6986227
1273994 -11873321 -6986175
1274044 -11873257 -6986125
1274094 -11873194 -6986069
1274144 -11873135 -6986017
1274194 -11873077 -6985964
1274244 -11873013 -6985914
1274294 -11872950 -6985858
1274344 -11872890 -6985807
1274394 -11872832 -6985758
1274444 -11872769 -6985709
1274494 -11872706 -6985657
1274544 -11872643 -6985607
1274594 -11872579 -6985555
1274644 -11872517 -6985504
1274694 -11872455 -6985450
1274744 -11872391 -6985395
1274794 -11872330 -6985347
1274844 -11872266 -6985295
1274894 -11872201 -6985243
1274944 -11872139 -6985194
1274994 -11872072 -6985140
1275044 -11872006 -6985088
1275094 -11871940 -6985034
1275144 -11871878 -6984983
1275194 -11871816 -6984924
1275244 -11871757 -6984874
1275294 -11871693 -6984824
1275344 -11871630 -6984771
1275394 -11871567 -6984729
1275444 -11871505 -6984679
1275494 -11871442 -6984637
1275544 -11871380 -6984586
1275594 -11871320 -6984539
1275644 -11871254 -6984488
1275694 -11871188 -6984435
1275744 -11871120 -6984393
1275794 -11871052 -6984343
1275844 -11870988 -6984293
1275894 -11870926 -6984240
1275944 -11870863 -6984199
1275994 -11870796 -6984143
1276044 -11870729 -6984088
1276094 -11870659 -6984046
1276144 -11870589 -6983990
1276194 -11870519 -6983944
1276244 -11870451 -6983887
1276294 -11870385 -6983841
1276344 -11870322 -6983791
1276394 -11870257 -6983743
1276444 -11870193 -6983696
1276494 -11870127 -6983649
1276544 -11870061 -6983599
1276594 -11869998 -6983543
1276644 -11869936 -6983502
1276694 -11869868 -6983449
1276744 -11869798 -6983396
1276794 -11869732 -6983346
1276844 -11869665 -6983295
1276894 -11869600 -6983242
1276944 -11869535 -6983193
1276994 -11869468 -6983141
1277044 -11869404 -6983094
1277094 -11869338 -6983045
1277144 -11869274 -6983003
1277194 -11869208 -6982955
1277244 -11869142 -6982903
1277294 -11869076 -6982851
1277344 -11869012 -6982797
1277394 -11868946 -6982749
1277444 -11868877 -6982698
1277494 -11868808 -6982647
1277544 -11868736 -6982593
1277594 -11868666 -6982537
1277644 -11868600 -6982483
1277694 -11868533 -6982429
1277744 -11868464 -6982380
1277794 -11868395 -6982328
1277844 -11868327 -6982277
1277894 -11868258 -6982225
1277944 -11868191 -6982172
1277994 -11868127 -6982121
1278044 -11868059 -6982076
1278094 -11867991 -6982022
1278144 -11867921 -6981970
1278194 -11867857 -6981915
1278244 -11867787 -6981862
1278294 -11867719 -6981808
1278344 -11867658 -6981751
1278394 -11867588 -6981699
1278444 -11867518 -6981642
1278494 -11867447 -6981583
1278544 -11867377 -6981526
1278594 -11867303 -6981471
1278644 -11867231 -6981430
1278694 -11867165 -6981376
1278744 -11867098 -6981324
1278794 -11867035 -6981273
1278844 -11866969 -6981220
1278894 -11866900 -6981169
1278944 -11866832 -6981123
1278994 -11866765 -6981071
1279044 -11866717 -6981022
1279094 -11866716 -6980998
1279144 -11866715 -6980979
1279194 -11866715 -6980970
1279244 -11866715 -6980970
1279294 -11866715 -6980970
1279344 -11866715 -6980970
1279394 -11866715 -6980970
1279444 -11866715 -6980970
1279494 -11866715 -6980970
1279544 -11866715 -6980970
1279594 -11866715 -6980970
1279644 -11866715 -6980970
1279694 -11866715 -6980970
1279744 -11866715 -6980970
1279794 -11866715 -6980970
1279844 -11866715 -6980970
1279894 -11866715 -6980970
1279944 -11866715 -6980970
1279994 -11866715 -6980970
1280044 -11866715 -6980970
1280094 -11866715 -6980970
1280144 -11866715 -6980970
1280194 -11866715 -6980970
1280244 -11866715 -6980970
1280294 -11866715 -6980970
1280344 -11866715 -6980970
1280394 -11866715 -6980970
1280444 -11866715 -6980970
1280494 -11866715 -6980970
1280544 -11866715 -6980970
1280594 -11866715 -6980970
1280644 -11866715 -6980970
1280694 -11866715 -6980970
1280744 -11866715 -6980970
1280794 -11866715 -6980970
1280844 -11866715 -6980970
1280894 -11866715 -6980970
1280944 -11866715 -6980970
1280994 -11866715 -6980970
1281044 -11866715 -6980970
1281094 -11866715 -6980970
1281144 -11866715 -6980970
1281194 -11866715 -6980970
1281244 -11866715 -6980970
1281294 -11866715 -6980970
1281344 -11866715 -6980970
1281394 -11866715 -6980970
1281444 -11866715 -6980970
1281494 -11866715 -6980970
1281544 -11866715 -6980970
1281594 -11866715 -6980970
1281644 -11866715 -6980970
1281694 -11866715 -6980970
1281744 -11866715 -6980970
1281794 -11866715 -6980970
1281844 -11866715 -6980970
1281894 -11866715 -6980970
1281944 -11866715 -6980970
1281994 -11866715 -6980970
1282044 -11866715 -6980970
1282094 -11866715 -6980970
1282144 -11866715 -6980970
1282194 -11866715 -6980970
1282244 -11866757 -6981003
1282294 -11866812 -6981046
1282344 -11866863 -6981089
1282394 -11866923 -6981145
1282444 -11866983 -6981207
1282494 -11867046 -6981269
1282544 -11867110 -6981333
1282594 -11867172 -6981396
1282644 -11867236 -6981459
1282694 -11867299 -6981521
1282744 -11867362 -6981585
1282794 -11867425 -6981650
1282844 -11867488 -6981715
1282894 -11867552 -6981777
1282944 -11867616 -6981839
1282994 -11867680 -6981902
1283044 -11867744 -6981965
1283094 -11867808 -6982029
1283144 -11867871 -6982092
1283194 -11867935 -6982156
1283244 -11867999 -6982219
1283294 -11868063 -6982283
1283344 -11868126 -6982347
1283394 -11868188 -6982409
1283444 -11868251 -6982474
1283494 -11868315 -6982538
1283544 -11868380 -6982602
1283594 -11868444 -6982665
1283644 -11868507 -6982729
1283694 -11868570 -6982792
1283744 -11868632 -6982857
1283794 -11868695 -6982921
1283844 -11868759 -6982985
1283894 -11868823 -6983048
1283944 -11868887 -6983113
1283994 -11868951 -6983177
1284044 -11869014 -6983241
1284094 -11869077 -6983305
1284144 -11869140 -6983368
1284194 -11869204 -6983432
1284244 -11869267 -6983496
1284294 -11869331 -6983561
1284344 -11869395 -6983625
1284394 -11869459 -6983688
1284444 -11869523 -6983753
1284494 -11869587 -6983817
1284544 -11869650 -6983881
1284594 -11869714 -6983945
1284644 -11869778 -6984009
1284694 -11869843 -6984073
1284744 -11869907 -6984138
1284794 -11869970 -6984203
1284844 -11870034 -6984267
1284894 -11870096 -6984329
1284944 -11870159 -6984392
1284994 -11870222 -6984456
1285044 -11870287 -6984520
1285094 -11870351 -6984585
1285144 -11870416 -6984648
1285194 -11870480 -6984711
1285244 -11870544 -6984775
1285294 -11870609 -6984838
1285344 -11870673 -6984903
1285394 -11870737 -6984967
1285444 -11870801 -6985030
1285494 -11870866 -6985092
1285544 -11870930 -6985155
1285594 -11870993 -6985217
1285644 -11871057 -6985281
1285694 -11871122 -6985345
1285744 -11871186 -6985408
1285794 -11871250 -6985472
1285844 -11871315 -6985537
1285894 -11871379 -6985601
1285944 -11871442 -6985664
1285994 -11871506 -6985729
1286044 -11871571 -6985793
1286094 -11871636 -6985858
1286144 -11871702 -6985923
1286194 -11871766 -6985987
1286244 -11871830 -6986051
1286294 -11871894 -6986116
1286344 -11871959 -6986182
1286394 -11872024 -6986247
1286444 -11872088 -6986312
1286494 -11872152 -6986376
1286544 -11872218 -6986438
1286594 -11872282 -6986503
1286644 -11872346 -6986566
1286694 -11872410 -6986630
1286744 -11872474 -6986694
1286794 -11872538 -6986758
1286844 -11872602 -6986822
1286894 -11872666 -6986886
1286944 -11872730 -6986950
1286994 -11872794 -6987015
1287044 -11872858 -6987080
1287094 -11872922 -6987145
1287144 -11872986 -6987209
1287194 -11873051 -6987274
1287244 -11873117 -6987338
1287294 -11873182 -6987403
1287344 -11873246 -6987468
1287394 -11873309 -6987532
1287444 -11873372 -6987594
1287494 -11873436 -6987658
1287544 -11873500 -6987722
1287594 -11873565 -6987786
1287644 -11873630 -6987850
1287694 -11873693 -6987912
1287744 -11873756 -6987976
1287794 -11873820 -6988039
1287844 -11873884 -6988103
1287894 -11873947 -6988168
1287944 -11874011 -6988232
1287994 -11874076 -6988296
1288044 -11874140 -6988358
1288094 -11874204 -6988421
1288144 -11874268 -6988484
1288194 -11874331 -6988548
1288244 -11874396 -6988611
1288294 -11874460 -6988675
1288344 -11874524 -6988739
1288394 -11874588 -6988804
1288444 -11874652 -6988867
1288494 -11874715 -6988930
1288544 -11874779 -6988995
1288594 -11874844 -6989060
1288644 -11874910 -6989124
1288694 -11874974 -6989188
1288744 -11875037 -6989253
1288794 -11875101 -6989318
1288844 -11875164 -6989382
1288894 -11875228 -6989447
1288944 -11875293 -6989512
1288994 -11875356 -6989576
1289044 -11875420 -6989641
1289094 -11875486 -6989706
1289144 -11875550 -6989770
1289194 -11875613 -6989835
1289244 -11875678 -6989899
1289294 -11875742 -6989964
1289344 -11875807 -6990028
1289394 -11875871 -6990093
1289444 -11875936 -6990158
1289494 -11876000 -6990222
1289544 -11876064 -6990287
1289594 -11876110 -6990342
1289644 -11876072 -6990347
1289694 -11876072 -6990355
1289744 -11876070 -6990360
1289794 -11876054 -6990356
1289844 -11876022 -6990338
1289894 -11875994 -6990307
1289944 -11875962 -6990271
1289994 -11875922 -6990236
1290044 -11875879 -6990196
1290094 -11875832 -6990150
1290144 -11875782 -6990105
1290194 -11875728 -6990057
1290244 -11875670 -6990005
1290294 -11875609 -6989955
1290344 -11875547 -6989901
1290394 -11875485 -6989852
1290444 -11875419 -6989803
1290494 -11875350 -6989750
1290544 -11875279 -6989709
1290594 -11875210 -6989667
1290644 -11875138 -6989623
1290694 -11875068 -6989565
1290744 -11875001 -6989511
1290794 -11874939 -6989458
1290844 -11874875 -6989404
1290894 -11874811 -6989351
1290944 -11874749 -6989301
1290994 -11874687 -6989246
1291044 -11874622 -6989194
1291094 -11874557 -6989146
1291144 -11874491 -6989093
1291194 -11874428 -6989042
1291244 -11874364 -6988993
1291294 -11874302 -6988938
1291344 -11874240 -6988887
1291394 -11874174 -6988835
1291444 -11874110 -6988785
1291494 -11874045 -6988731
1291544 -11873978 -6988680
1291594 -11873910 -6988629
1291644 -11873844 -6988573
1291694 -11873778 -6988517
1291744 -11873714 -6988466
1291794 -11873650 -6988416
1291844 -11873585 -6988368
1291894 -11873522 -6988319
1291944 -11873458 -6988265
1291994 -11873394 -6988215
1292044 -11873333 -6988160
1292094 -11873267 -6988109
1292144 -11873201 -6988059
1292194 -11873134 -6988004
1292244 -11873068 -6987951
1292294 -11873008 -6987903
1292344 -11872946 -6987855
1292394 -11872882 -6987806
1292444 -11872818 -6987753
1292494 -11872754 -6987705
1292544 -11872693 -6987659
1292594 -11872632 -6987609
1292644 -11872569 -6987569
1292694 -11872513 -6987523
1292744 -11872451 -6987474
1292794 -11872387 -6987421
1292844 -11872323 -6987377
1292894 -11872259 -6987324
1292944 -11872193 -6987277
1292994 -11872129 -6987224
1293044 -11872061 -6987171
1293094 -11871995 -6987115
1293144 -11871933 -6987058
1293194 -11871872 -6987006
1293244 -11871808 -6986956
1293294 -11871748 -6986904
1293344 -11871686 -6986858
1293394 -11871624 -6986809
1293444 -11871562 -6986757
1293494 -11871498 -6986708
1293544 -11871434 -6986662
1293594 -11871370 -6986610
1293644 -11871307 -6986562
1293694 -11871241 -6986514
1293744 -11871177 -6986463
1293794 -11871113 -6986410
1293844 -11871049 -6986355
1293894 -11870985 -6986310
1293944 -11870919 -6986261
1293994 -11870853 -6986209
1294044 -11870789 -6986160
1294094 -11870721 -6986105
1294144 -11870651 -6986059
1294194 -11870589 -6986006
1294244 -11870522 -6985950
1294294 -11870456 -6985898
1294344 -11870391 -6985843
1294394 -11870326 -6985785
1294444 -11870262 -6985738
1294494 -11870197 -6985694
1294544 -11870132 -6985646
1294594 -11870065 -6985596
1294644 -11870000 -6985550
1294694 -11869932 -6985501
1294744 -11869864 -6985448
1294794 -11869800 -6985400
1294844 -11869736 -6985345
1294894 -11869672 -6985292
1294944 -11869605 -6985238
1294994 -11869539 -6985186
1295044 -11869479 -6985142
1295094 -11869415 -6985091
1295144 -11869355 -6985036
1295194 -11869293 -6984984
1295244 -11869226 -6984936
1295294 -11869158 -6984886
1295344 -11869091 -6984836
1295394 -11869026 -6984779
1295444 -11868957 -6984722
1295494 -11868895 -6984673
1295544 -11868825 -6984617
1295594 -11868759 -6984562
1295644 -11868693 -6984508
1295694 -11868627 -6984455
1295744 -11868559 -6984404
1295794 -11868496 -6984354
1295844 -11868428 -6984301
1295894 -11868360 -6984252
1295944 -11868295 -6984204
1295994 -11868228 -6984154
1296044 -11868161 -6984097
1296094 -11868098 -6984048
1296144 -11868027 -6984004
1296194 -11867958 -6983955
1296244 -11867890 -6983906
1296294 -11867824 -6983855
1296344 -11867759 -6983800
1296394 -11867693 -6983749
1296444 -11867622 -6983700
1296494 -11867551 -6983653
1296544 -11867479 -6983616
1296594 -11867410 -6983560
1296644 -11867342 -6983503
1296694 -11867274 -6983453
1296744 -11867205 -6983401
1296794 -11867138 -6983348
1296844 -11867071 -6983296
1296894 -11867006 -6983242
1296944 -11866943 -6983190
1296994 -11866876 -6983138
1297044 -11866807 -6983092
1297094 -11866741 -6983044
1297144 -11866672 -6982993
1297194 -11866606 -6982936
1297244 -11866539 -6982883
1297294 -11866477 -6982837
1297344 -11866412 -6982783
1297394 -11866344 -6982741
1297444 -11866276 -6982689
1297494 -11866210 -6982635
1297544 -11866146 -6982592
1297594 -11866082 -6982570
1297644 -11866032 -6982550
1297694 -11865998 -6982532
1297744 -11865976 -6982514
1297794 -11865963 -6982498
1297844 -11865952 -6982486
1297894 -11865941 -6982475
1297944 -11865929 -6982466
1297994 -11865916 -6982455
1298044 -11865903 -6982444
1298094 -11865890 -6982433
1298144 -11865878 -6982422
1298194 -11865866 -6982412
1298244 -11865852 -6982402
1298294 -11865838 -6982392
1298344 -11865824 -6982381
1298394 -11865811 -6982371
1298444 -11865798 -6982360
1298494 -11865786 -6982352
1298544 -11865774 -6982343
1298594 -11865762 -6982334
1298644 -11865749 -6982324
1298694 -11865737 -6982315
1298744 -11865726 -6982305
1298794 -11865716 -6982297
1298844 -11865704 -6982287
1298894 -11865692 -6982278
1298944 -11865680 -6982268
1298994 -11865668 -6982259
1299044 -11865658 -6982249
1299094 -11865648 -6982241
1299144 -11865636 -6982231
1299194 -11865625 -6982222
1299244 -11865614 -6982213
1299294 -11865604 -6982204
1299344 -11865593 -6982195
1299394 -11865584 -6982185
1299444 -11865572 -6982179
1299494 -11865562 -6982170
1299544 -11865552 -6982162
1299594 -11865541 -6982153
1299644 -11865530 -6982144
1299694 -11865518 -6982136
1299744 -11865508 -6982126
1299794 -11865497 -6982117
1299844 -11865486 -6982108
1299894 -11865475 -6982099
1299944 -11865464 -6982091
1299994 -11865452 -6982080
1300044 -11865440 -6982071
1300094 -11865428 -6982062
1300144 -11865417 -6982051
1300194 -11865406 -6982042
1300244 -11865394 -6982033
1300294 -11865384 -6982023
1300344 -11865374 -6982015
1300394 -11865363 -6982006
1300444 -11865352 -6981996
1300494 -11865342 -6981987
1300544 -11865330 -6981979
1300594 -11865320 -6981970
1300644 -11865308 -6981960
1300694 -11865298 -6981953
1300744 -11865286 -6981944
1300794 -11865276 -6981934
1300844 -11865264 -6981925
1300894 -11865250 -6981910
1300944 -11865233 -6981887
1300994 -11865208 -6981863
1301044 -11865174 -6981833
1301094 -11865138 -6981800
1301144 -11865098 -6981765
1301194 -11865054 -6981725
1301244 -11865005 -6981682
1301294 -11864952 -6981633
1301344 -11864893 -6981590
1301394 -11864830 -6981541
1301444 -11864763 -6981488
1301494 -11864694 -6981437
1301544 -11864630 -6981387
1301594 -11864563 -6981330
1301644 -11864498 -6981289
1301694 -11864430 -6981237
1301744 -11864362 -6981186
1301794 -11864296 -6981132
1301844 -11864224 -6981083
1301894 -11864157 -6981026
1301944 -11864088 -6980972
1301994 -11864021 -6980922
1302044 -11863953 -6980879
1302094 -11863890 -6980826
1302144 -11863826 -6980776
1302194 -11863759 -6980720
1302244 -11863695 -6980664
1302294 -11863629 -6980608
1302344 -11863562 -6980559
1302394 -11863495 -6980506
1302444 -11863426 -6980453
1302494 -11863358 -6980399
1302544 -11863293 -6980348
1302594 -11863226 -6980297
1302644 -11863160 -6980249
1302694 -11863097 -6980199
1302744 -11863031 -6980148
1302794 -11862970 -6980092
1302844 -11862904 -6980042
1302894 -11862838 -6979991
1302944 -11862772 -6979945
1302994 -11862711 -6979895
1303044 -11862646 -6979843
1303094 -11862577 -6979793
1303144 -11862512 -6979739
1303194 -11862445 -6979686
1303244 -11862376 -6979631
1303294 -11862310 -6979579
1303344 -11862244 -6979532
1303394 -11862176 -6979484
1303444 -11862112 -6979433
1303494 -11862047 -6979383
1303544 -11861980 -6979338
1303594 -11861914 -6979293
1303644 -11861849 -6979243
1303694 -11861783 -6979188
1303744 -11861715 -6979139
1303794 -11861652 -6979089
1303844 -11861582 -6979038
1303894 -11861514 -6978982
1303944 -11861446 -6978931
1303994 -11861380 -6978883
1304044 -11861313 -6978840
1304094 -11861244 -6978788
1304144 -11861177 -6978740
1304194 -11861108 -6978691
1304244 -11861035 -6978640
1304294 -11860963 -6978589
1304344 -11860892 -6978539
1304394 -11860823 -6978486
1304444 -11860756 -6978442
1304494 -11860694 -6978401
1304544 -11860631 -6978357
1304594 -11860564 -6978304
1304644 -11860503 -6978253
1304694 -11860436 -6978204
1304744 -11860369 -6978159
1304794 -11860299 -6978109
1304844 -11860229 -6978055
1304894 -11860161 -6978013
1304944 -11860094 -6977966
1304994 -11860030 -6977925
1305044 -11859965 -6977870
1305094 -11859905 -6977831
1305144 -11859838 -6977780
1305194 -11859779 -6977731
1305244 -11859712 -6977679
1305294 -11859688 -6977728
1305344 -11859732 -6977763
1305394 -11859750 -6977785
1305444 -11859807 -6977833
1305494 -11859869 -6977886
1305544 -11859933 -6977947
1305594 -11859997 -6978011
1305644 -11860062 -6978075
1305694 -11860126 -6978141
1305744 -11860190 -6978205
1305794 -11860255 -6978270
1305844 -11860320 -6978335
1305894 -11860385 -6978401
1305944 -11860449 -6978467
1305994 -11860513 -6978531
1306044 -11860577 -6978595
1306094 -11860641 -6978660
1306144 -11860704 -6978724
1306194 -11860768 -6978789
1306244 -11860831 -6978853
1306294 -11860895 -6978917
1306344 -11860959 -6978981
1306394 -11861023 -6979045
1306444 -11861086 -6979110
1306494 -11861149 -6979176
1306544 -11861212 -6979241
1306594 -11861275 -6979304
1306644 -11861339 -6979367
1306694 -11861403 -6979431
1306744 -11861466 -6979495
1306794 -11861530 -6979559
1306844 -11861594 -6979623
1306894 -11861657 -6979687
1306944 -11861722 -6979753
1306994 -11861786 -6979818
1307044 -11861850 -6979882
1307094 -11861914 -6979945
1307144 -11861977 -6980008
1307194 -11862041 -6980072
1307244 -11862105 -6980136
1307294 -11862169 -6980200
1307344 -11862232 -6980264
1307394 -11862296 -6980328
1307444 -11862360 -6980391
1307494 -11862425 -6980456
1307544 -11862489 -6980519
1307594 -11862553 -6980583
1307644 -11862617 -6980648
1307694 -11862681 -6980712
1307744 -11862745 -6980775
1307794 -11862809 -6980838
1307844 -11862872 -6980901
1307894 -11862936 -6980965
1307944 -11863001 -6981030
1307994 -11863065 -6981096
1308044 -11863130 -6981161
1308094 -11863196 -6981225
1308144 -11863261 -6981290
1308194 -11863325 -6981355
1308244 -11863389 -6981420
1308294 -11863453 -6981485
1308344 -11863517 -6981549
1308394 -11863582 -6981614
1308444 -11863646 -6981679
1308494 -11863711 -6981744
1308544 -11863774 -6981808
1308594 -11863838 -6981872
1308644 -11863902 -6981935
1308694 -11863966 -6981999
1308744 -11864030 -6982063
1308794 -11864093 -6982127
1308844 -11864157 -6982191
1308894 -11864221 -6982254
1308944 -11864285 -6982318
1308994 -11864349 -6982382
1309044 -11864411 -6982447
1309094 -11864474 -6982510
1309144 -11864538 -6982573
1309194 -11864602 -6982635
1309244 -11864665 -6982697
1309294 -11864729 -6982761
1309344 -11864792 -6982823
1309394 -11864855 -6982885
1309444 -11864918 -6982948
1309494 -11864982 -6983012
1309544 -11865046 -6983077
1309594 -11865110 -6983139
1309644 -11865173 -6983201
1309694 -11865235 -6983263
1309744 -11865298 -6983326
1309794 -11865362 -6983389
1309844 -11865425 -6983452
1309894 -11865488 -6983515
1309944 -11865551 -6983578
1309994 -11865615 -6983641
1310044 -11865678 -6983705
1310094 -11865742 -6983767
1310144 -11865806 -6983830
1310194 -11865870 -6983895
1310244 -11865934 -6983959
1310294 -11865998 -6984021
1310344 -11866061 -6984084
1310394 -11866125 -6984147
1310444 -11866189 -6984210
1310494 -11866251 -6984275
1310544 -11866316 -6984341
1310594 -11866381 -6984405
1310644 -11866446 -6984470
1310694 -11866491 -6984522
1310744 -11866447 -6984524
1310794 -11866446 -6984528
1310844 -11866446 -6984532
1310894 -11866433 -6984529
1310944 -11866407 -6984512
1310994 -11866378 -6984485
1311044 -11866349 -6984452
1311094 -11866309 -6984419
1311144 -11866265 -6984382
1311194 -11866218 -6984337
1311244 -11866166 -6984290
1311294 -11866109 -6984245
1311344 -11866049 -6984196
1311394 -11865985 -6984145
1311444 -11865919 -6984101
1311494 -11865845 -6984051
1311544 -11865767 -6984004
1311594 -11865688 -6983961
1311644 -11865614 -6983912
1311694 -11865538 -6983860
1311744 -11865470 -6983807
1311794 -11865408 -6983752
1311844 -11865341 -6983698
1311894 -11865279 -6983644
1311944 -11865211 -6983585
1311994 -11865143 -6983529
1312044 -11865077 -6983475
1312094 -11865014 -6983417
1312144 -11864944 -6983375
1312194 -11864880 -6983318
1312244 -11864811 -6983268
1312294 -11864745 -6983218
1312344 -11864678 -6983166
1312394 -11864609 -6983112
1312444 -11864544 -6983064
1312494 -11864475 -6983011
1312544 -11864403 -6982966
1312594 -11864329 -6982912
1312644 -11864263 -6982859
1312694 -11864195 -6982807
1312744 -11864127 -6982755
1312794 -11864061 -6982704
1312844 -11863997 -6982652
1312894 -11863930 -6982609
1312944 -11863863 -6982560
1312994 -11863796 -6982510
1313044 -11863728 -6982461
1313094 -11863658 -6982408
1313144 -11863589 -6982361
1313194 -11863520 -6982306
1313244 -11863454 -6982258
1313294 -11863388 -6982212
1313344 -11863320 -6982157
1313394 -11863255 -6982109
1313444 -11863191 -6982055
1313494 -11863130 -6982008
1313544 -11863065 -6981959
1313594 -11863000 -6981906
1313644 -11862934 -6981858
1313694 -11862866 -6981809
1313744 -11862797 -6981755
1313794 -11862733 -6981701
1313844 -11862669 -6981648
1313894 -11862600 -6981601
1313944 -11862532 -6981558
1313994 -11862462 -6981507
1314044 -11862398 -6981454
1314094 -11862332 -6981401
1314144 -11862266 -6981346
1314194 -11862203 -6981289
1314244 -11862136 -6981239
1314294 -11862068 -6981187
1314344 -11862009 -6981130
1314394 -11861944 -6981079
1314444 -11861877 -6981030
1314494 -11861809 -6980978
1314544 -11861739 -6980932
1314594 -11861672 -6980881
1314644 -11861606 -6980824
1314694 -11861539 -6980772
1314744 -11861482 -6980718
1314794 -11861414 -6980660
1314844 -11861345 -6980614
1314894 -11861278 -6980559
1314944 -11861214 -6980509
1314994 -11861142 -6980461
1315044 -11861070 -6980408
1315094 -11861002 -6980356
1315144 -11860935 -6980307
1315194 -11860872 -6980259
1315244 -11860806 -6980208
1315294 -11860740 -6980156
1315344 -11860674 -6980111
1315394 -11860612 -6980066
1315444 -11860544 -6980021
1315494 -11860479 -6979973
1315544 -11860416 -6979927
1315594 -11860348 -6979874
1315644 -11860282 -6979822
1315694 -11860216 -6979771
1315744 -11860148 -6979721
1315794 -11860088 -6979670
1315844 -11860022 -6979618
1315894 -11859961 -6979566
1315944 -11859895 -6979514
1315994 -11859828 -6979462
1316044 -11859764 -6979416
1316094 -11859698 -6979362
1316144 -11859632 -6979310
1316194 -11859565 -6979261
1316244 -11859499 -6979205
1316294 -11859429 -6979152
1316344 -11859362 -6979104
1316394 -11859299 -6979051
1316444 -11859233 -6978996
1316494 -11859166 -6978944
1316544 -11859099 -6978892
1316594 -11859033 -6978848
1316644 -11858970 -6978792
1316694 -11858906 -6978738
1316744 -11858839 -6978681
1316794 -11858773 -6978629
1316844 -11858706 -6978577
1316894 -11858638 -6978532
1316944 -11858568 -6978480
1316994 -11858500 -6978426
1317044 -11858429 -6978368
1317094 -11858361 -6978317
1317144 -11858298 -6978263
1317194 -11858230 -6978215
1317244 -11858162 -6978161
1317294 -11858094 -6978112
1317344 -11858025 -6978057
1317394 -11857957 -6978008
1317444 -11857889 -6977955
1317494 -11857823 -6977899
1317544 -11857755 -6977844
1317594 -11857688 -6977788
1317644 -11857621 -6977737
1317694 -11857558 -6977684
1317744 -11857491 -6977630
1317794 -11857424 -6977583
1317844 -11857356 -6977528
1317894 -11857288 -6977478
1317944 -11857219 -6977429
1317994 -11857150 -6977380
1318044 -11857083 -6977325
1318094 -11857017 -6977277
1318144 -11856953 -6977221
1318194 -11856886 -6977170
1318244 -11856819 -6977118
1318294 -11856759 -6977059
1318344 -11856693 -6977007
1318394 -11856628 -6976963
1318444 -11856563 -6976907
1318494 -11856496 -6976853
1318544 -11856430 -6976799
1318594 -11856366 -6976752
1318644 -11856299 -6976704
1318694 -11856231 -6976653
1318744 -11856162 -6976603
1318794 -11856093 -6976555
1318844 -11856029 -6976505
1318894 -11855963 -6976447
1318944 -11855897 -6976398
1318994 -11855835 -6976345
1319044 -11855771 -6976303
1319094 -11855709 -6976252
1319144 -11855642 -6976202
1319194 -11855579 -6976148
1319244 -11855512 -6976092
1319294 -11855448 -6976048
1319344 -11855380 -6975994
1319394 -11855310 -6975943
1319444 -11855246 -6975884
1319494 -11855178 -6975832
1319544 -11855114 -6975776
1319594 -11855047 -6975723
1319644 -11854981 -6975672
1319694 -11854913 -6975623
1319744 -11854846 -6975576
1319794 -11854777 -6975526
1319844 -11854705 -6975470
1319894 -11854634 -6975422
1319944 -11854571 -6975375
1319994 -11854505 -6975319
1320044 -11854439 -6975265
1320094 -11854373 -6975213
1320144 -11854306 -6975162
1320194 -11854239 -6975114
1320244 -11854176 -6975071
1320294 -11854108 -6975019
1320344 -11854040 -6974968
1320394 -11853976 -6974911
1320444 -11853913 -6974857
1320494 -11853847 -6974811
1320544 -11853782 -6974758
1320594 -11853716 -6974710
1320644 -11853652 -6974662
1320694 -11853586 -6974607
1320744 -11853523 -6974550
1320794 -11853460 -6974500
1320844 -11853395 -6974453
1320894 -11853331 -6974409
1320944 -11853265 -6974356
1320994 -11853192 -6974299
1321044 -11853116 -6974247
1321094 -11853032 -6974187
1321144 -11852951 -6974121
1321194 -11852861 -6974047
1321244 -11852773 -6973961
1321294 -11852683 -6973886
1321344 -11852591 -6973804
1321394 -11852499 -6973722
1321444 -11852399 -6973633
1321494 -11852306 -6973545
1321544 -11852206 -6973449
1321594 -11852100 -6973356
1321644 -11851991 -6973259
1321694 -11851891 -6973169
1321744 -11851783 -6973077
1321794 -11851675 -6972977
1321844 -11851557 -6972892
1321894 -11851448 -6972800
1321944 -11851339 -6972701
1321994 -11851223 -6972598
1322044 -11851111 -6972499
1322094 -11851009 -6972399
1322144 -11850897 -6972294
1322194 -11850792 -6972200
1322244 -11850688 -6972116
1322294 -11850585 -6972020
1322344 -11850484 -6971932
1322394 -11850383 -6971836
1322444 -11850279 -6971742
1322494 -11850170 -6971639
1322544 -11850062 -6971540
1322594 -11849960 -6971444
1322644 -11849856 -6971348
1322694 -11849750 -6971256
1322744 -11849636 -6971162
1322794 -11849525 -6971064
1322844 -11849421 -6970964
1322894 -11849312 -6970866
1322944 -11849205 -6970768
1322994 -11849089 -6970675
1323044 -11848980 -6970575
1323094 -11848876 -6970483
1323144 -11848770 -6970388
1323194 -11848669 -6970290
1323244 -11848560 -6970188
1323294 -11848449 -6970087
1323344 -11848347 -6969984
1323394 -11848242 -6969888
1323444 -11848146 -6969795
1323494 -11848043 -6969698
1323544 -11847944 -6969600
1323594 -11847835 -6969510
1323644 -11847739 -6969414
1323694 -11847634 -6969318
1323744 -11847536 -6969220
1323794 -11847432 -6969120
1323844 -11847326 -6969028
1323894 -11847216 -6968929
1323944 -11847110 -6968836
1323994 -11847006 -6968734
1324044 -11846896 -6968644
1324094 -11846786 -6968548
1324144 -11846686 -6968456
1324194 -11846581 -6968354
1324244 -11846474 -6968261
1324294 -11846360 -6968164
1324344 -11846251 -6968072
1324394 -11846142 -6967978
1324444 -11846037 -6967879
1324494 -11845928 -6967781
1324544 -11845826 -6967685
1324594 -11845714 -6967586
1324644 -11845604 -6967490
1324694 -11845490 -6967395
1324744 -11845373 -6967302
1324794 -11845263 -6967209
1324844 -11845157 -6967109
1324894 -11845041 -6967011
1324944 -11844929 -6966913
1324994 -11844826 -6966817
1325044 -11844709 -6966719
1325094 -11844598 -6966622
1325144 -11844493 -6966524
1325194 -11844384 -6966428
1325244 -11844274 -6966337
1325294 -11844172 -6966239
1325344 -11844060 -6966138
1325394 -11843960 -6966043
1325444 -11843844 -6965947
1325494 -11843730 -6965845
1325544 -11843620 -6965747
1325594 -11843517 -6965648
1325644 -11843418 -6965561
1325694 -11843340 -6965488
1325744 -11843252 -6965423
1325794 -11843180 -6965365
1325844 -11843112 -6965314
1325894 -11843045 -6965267
1325944 -11842980 -6965217
1325994 -11842918 -6965169
1326044 -11842862 -6965126
1326094 -11842804 -6965081
1326144 -11842743 -6965031
1326194 -11842684 -6964989
1326244 -11842621 -6964942
1326294 -11842562 -6964895
1326344 -11842502 -6964850
1326394 -11842440 -6964799
1326444 -11842379 -6964759
1326494 -11842319 -6964710
1326544 -11842259 -6964669
1326594 -11842200 -6964627
1326644 -11842144 -6964588
1326694 -11842084 -6964541
1326744 -11842024 -6964492
1326794 -11841967 -6964449
1326844 -11841906 -6964405
1326894 -11841844 -6964362
1326944 -11841788 -6964310
1326994 -11841729 -6964261
1327044 -11841667 -6964215
1327094 -11841605 -6964170
1327144 -11841548 -6964128
1327194 -11841486 -6964090
1327244 -11841421 -6964055
1327294 -11841359 -6964018
1327344 -11841396 -6964108
1327394 -11841413 -6964132
1327444 -11841456 -6964172
1327494 -11841512 -6964223
1327544 -11841575 -6964282
1327594 -11841638 -6964344
1327644 -11841703 -6964407
1327694 -11841768 -6964471
1327744 -11841832 -6964536
1327794 -11841896 -6964602
1327844 -11841961 -6964666
1327894 -11842025 -6964729
1327944 -11842089 -6964793
1327994 -11842154 -6964857
1328044 -11842218 -6964922
1328094 -11842283 -6964987
1328144 -11842348 -6965052
1328194 -11842412 -6965116
1328244 -11842478 -6965181
1328294 -11842542 -6965245
1328344 -11842606 -6965311
1328394 -11842668 -6965373
1328444 -11842731 -6965436
1328494 -11842795 -6965499
1328544 -11842859 -6965562
1328594 -11842923 -6965627
1328644 -11842987 -6965689
1328694 -11843050 -6965753
1328744 -11843114 -6965817
1328794 -11843178 -6965880
1328844 -11843242 -6965943
1328894 -11843304 -6966004
1328944 -11843366 -6966066
1328994 -11843430 -6966129
1329044 -11843494 -6966194
1329094 -11843558 -6966258
1329144 -11843622 -6966321
1329194 -11843686 -6966384
1329244 -11843749 -6966447
1329294 -11843811 -6966509
1329344 -11843875 -6966573
1329394 -11843938 -6966637
1329444 -11844002 -6966701
1329494 -11844066 -6966765
1329544 -11844130 -6966827
1329594 -11844194 -6966890
1329644 -11844257 -6966952
1329694 -11844320 -6967015
1329744 -11844384 -6967078
1329794 -11844448 -6967143
1329844 -11844513 -6967207
1329894 -11844578 -6967271
1329944 -11844643 -6967335
1329994 -11844706 -6967400
1330044 -11844770 -6967465
1330094 -11844834 -6967531
1330144 -11844898 -6967595
1330194 -11844963 -6967660
1330244 -11845028 -6967725
1330294 -11845092 -6967789
1330344 -11845156 -6967854
1330394 -11845220 -6967917
1330444 -11845283 -6967980
1330494 -11845346 -6968043
1330544 -11845410 -6968107
1330594 -11845474 -6968171
1330644 -11845539 -6968235
1330694 -11845603 -6968299
1330744 -11845667 -6968363
1330794 -11845732 -6968428
1330844 -11845796 -6968493
1330894 -11845859 -6968557
1330944 -11845921 -6968619
1330994 -11845984 -6968681
1331044 -11846047 -6968744
1331094 -11846111 -6968807
1331144 -11846175 -6968871
1331194 -11846238 -6968934
1331244 -11846302 -6968997
1331294 -11846366 -6969061
1331344 -11846430 -6969125
1331394 -11846492 -6969188
1331444 -11846554 -6969249
1331494 -11846616 -6969312
1331544 -11846680 -6969375
1331594 -11846743 -6969439
1331644 -11846807 -6969500
1331694 -11846871 -6969564
1331744 -11846934 -6969627
1331794 -11846997 -6969690
1331844 -11847060 -6969752
1331894 -11847122 -6969816
1331944 -11847186 -6969880
1331994 -11847250 -6969943
1332044 -11847314 -6970007
1332094 -11847378 -6970070
1332144 -11847441 -6970133
1332194 -11847504 -6970195
1332244 -11847567 -6970258
1332294 -11847631 -6970321
1332344 -11847695 -6970386
1332394 -11847759 -6970450
1332444 -11847825 -6970515
1332494 -11847890 -6970580
1332544 -11847954 -6970644
1332594 -11848018 -6970710
1332644 -11848082 -6970776
1332694 -11848146 -6970840
1332744 -11848211 -6970904
1332794 -11848276 -6970968
1332844 -11848340 -6971032
1332894 -11848403 -6971097
1332944 -11848467 -6971161
1332994 -11848531 -6971224
1333044 -11848594 -6971288
1333094 -11848658 -6971352
1333144 -11848722 -6971416
1333194 -11848787 -6971480
1333244 -11848851 -6971545
1333294 -11848915 -6971609
1333344 -11848980 -6971673
1333394 -11849045 -6971738
1333444 -11849108 -6971803
1333494 -11849171 -6971866
1333544 -11849235 -6971929
1333594 -11849299 -6971989
1333644 -11849363 -6972052
1333694 -11849427 -6972116
1333744 -11849491 -6972180
1333794 -11849555 -6972244
1333844 -11849619 -6972308
1333894 -11849682 -6972372
1333944 -11849746 -6972435
1333994 -11849808 -6972498
1334044 -11849871 -6972560
1334094 -11849934 -6972622
1334144 -11849999 -6972687
1334194 -11850063 -6972751
1334244 -11850127 -6972815
1334294 -11850191 -6972878
1334344 -11850255 -6972940
1334394 -11850266 -6972971
1334444 -11850242 -6972973
1334494 -11850242 -6972973
1334544 -11850239 -6972971
1334594 -11850220 -6972971
1334644 -11850190 -6972971
1334694 -11850158 -6972971
1334744 -11850124 -6972955
1334794 -11850088 -6972919
1334844 -11850050 -6972882
1334894 -11850006 -6972841
1334944 -11849956 -6972799
1334994 -11849910 -6972753
1335044 -11849856 -6972710
1335094 -11849800 -6972673
1335144 -11849747 -6972636
1335194 -11849691 -6972593
1335244 -11849628 -6972545
1335294 -11849566 -6972502
1335344 -11849510 -6972453
1335394 -11849457 -6972409
1335444 -11849397 -6972368
1335494 -11849343 -6972323
1335544 -11849280 -6972283
1335594 -11849219 -6972234
1335644 -11849159 -6972204
1335694 -11849098 -6972158
1335744 -11849034 -6972106
1335794 -11848970 -6972056
1335844 -11848914 -6972013
1335894 -11848858 -6971971
1335944 -11848800 -6971919
1335994 -11848740 -6971881
1336044 -11848680 -6971846
1336094 -11848620 -6971799
1336144 -11848560 -6971752
1336194 -11848500 -6971703
1336244 -11848448 -6971660
1336294 -11848386 -6971617
1336344 -11848324 -6971586
1336394 -11848262 -6971541
1336444 -11848200 -6971491
1336494 -11848144 -6971439
1336544 -11848090 -6971396
1336594 -11848029 -6971362
1336644 -11847970 -6971325
1336694 -11847912 -6971276
1336744 -11847855 -6971231
1336794 -11847794 -6971182
1336844 -11847734 -6971138
1336894 -11847674 -6971106
1336944 -11847616 -6971069
1336994 -11847556 -6971021
1337044 -11847502 -6970976
1337094 -11847443 -6970934
1337144 -11847386 -6970887
1337194 -11847323 -6970841
1337244 -11847262 -6970795
1337294 -11847208 -6970748
1337344 -11847153 -6970709
1337394 -11847092 -6970664
1337444 -11847031 -6970620
1337494 -11846974 -6970579
1337544 -11846915 -6970540
1337594 -11846858 -6970499
1337644 -11846797 -6970457
1337694 -11846737 -6970421
1337744 -11846682 -6970381
1337794 -11846623 -6970343
1337844 -11846565 -6970291
1337894 -11846500 -6970243
1337944 -11846437 -6970195
1337994 -11846375 -6970146
1338044 -11846315 -6970107
1338094 -11846259 -6970075
1338144 -11846197 -6970038
1338194 -11846135 -6969998
1338244 -11846072 -6969950
1338294 -11846009 -6969914
1338344 -11845951 -6969863
1338394 -11845889 -6969817
1338444 -11845829 -6969774
1338494 -11845772 -6969731
1338544 -11845712 -6969691
1338594 -11845654 -6969649
1338644 -11845594 -6969613
1338694 -11845534 -6969570
1338744 -11845477 -6969527
1338794 -11845415 -6969492
1338844 -11845354 -6969451
1338894 -11845297 -6969404
1338944 -11845243 -6969359
1338994 -11845180 -6969311
1339044 -11845119 -6969272
1339094 -11845060 -6969230
1339144 -11845001 -6969179
1339194 -11844946 -6969139
1339244 -11844888 -6969097
1339294 -11844830 -6969058
1339344 -11844770 -6969015
1339394 -11844710 -6968965
1339444 -11844654 -6968927
1339494 -11844594 -6968891
1339544 -11844539 -6968845
1339594 -11844482 -6968795
1339644 -11844426 -6968756
1339694 -11844368 -6968722
1339744 -11844308 -6968685
1339794 -11844246 -6968636
1339844 -11844198 -6968565
1339894 -11844177 -6968450
1339944 -11844168 -6968336
1339994 -11844144 -6968235
1340044 -11844110 -6968151
1340094 -11844057 -6968073
1340144 -11844009 -6967991
1340194 -11843956 -6967908
1340244 -11843910 -6967824
1340294 -11843862 -6967742
1340344 -11843805 -6967659
1340394 -11843752 -6967576
1340444 -11843701 -6967492
1340494 -11843653 -6967407
1340544 -11843600 -6967323
1340594 -11843552 -6967239
1340644 -11843500 -6967156
1340694 -11843444 -6967074
1340744 -11843393 -6966992
1340794 -11843346 -6966907
1340844 -11843293 -6966824
1340894 -11843245 -6966739
1340944 -11843193 -6966657
1340994 -11843136 -6966572
1341044 -11843081 -6966488
1341094 -11843032 -6966405
1341144 -11842981 -6966320
1341194 -11842934 -6966240
1341244 -11842880 -6966156
1341294 -11842824 -6966073
1341344 -11842774 -6965989
1341394 -11842723 -6965910
1341444 -11842672 -6965827
1341494 -11842620 -6965743
1341544 -11842569 -6965659
1341594 -11842509 -6965576
1341644 -11842461 -6965492
1341694 -11842413 -6965408
1341744 -11842362 -6965325
1341794 -11842308 -6965243
1341844 -11842252 -6965160
1341894 -11842196 -6965076
1341944 -11842148 -6964992
1341994 -11842097 -6964909
1342044 -11842047 -6964825
1342094 -11841996 -6964740
1342144 -11841945 -6964656
1342194 -11841889 -6964571
1342244 -11841864 -6964670
1342294 -11841865 -6964790
1342344 -11842175 -6964861
1342394 -11842189 -6964906
1342444 -11842239 -6964957
1342494 -11842297 -6965012
1342544 -11842359 -6965074
1342594 -11842423 -6965138
1342644 -11842484 -6965202
1342694 -11842548 -6965267
1342744 -11842611 -6965331
1342794 -11842675 -6965397
1342844 -11842739 -6965461
1342894 -11842803 -6965525
1342944 -11842868 -6965589
1342994 -11842932 -6965654
1343044 -11842996 -6965721
1343094 -11843061 -6965787
1343144 -11843126 -6965851
1343194 -11843190 -6965914
1343244 -11843253 -6965977
1343294 -11843316 -6966041
1343444 -11843508 -6966233
1343494 -11843573 -6966297
1343544 -11843637 -6966362
1343594 -11843701 -6966427
1343644 -11843765 -6966493
1343694 -11843829 -6966557
1343744 -11843893 -6966621
1343794 -11843957 -6966684
1343844 -11844020 -6966747
1343894 -11844083 -6966811
1343944 -11844147 -6966874
1343994 -11844210 -6966937
1344044 -11844273 -6967000
1344094 -11844337 -6967065
1344144 -11844400 -6967129
1344194 -11844463 -6967191
1344244 -11844525 -6967253
1344294 -11844589 -6967317
1344344 -11844652 -6967380
1344394 -11844715 -6967443
