872894 220098 272134
872944 220098 272134
872994 220098 272134
873044 220098 272134
873094 220098 272134
873144 220098 272134
873194 220098 272134
873244 220098 272134
873294 220098 272134
873344 220098 272134
873394 220098 272134
873444 220098 272134
873494 220098 272134
873544 220098 272134
873594 220098 272134
873644 220098 272134
873694 220098 272134
873744 220098 272134
873794 220098 272134
873844 220098 272134
873894 220098 272134
873944 220098 272134
873994 220098 272134
874044 220098 272134
874094 220098 272134
874144 220098 272134
874194 220098 272134
874244 220098 272134
874294 220098 272134
874344 220098 272134
874394 220098 272134
874444 220098 272134
874494 220098 272134
874544 220098 272134
874594 220098 272134
874644 220098 272134
874694 220098 272134
874744 220098 272134
874794 220098 272134
874844 220098 272134
874894 220098 272134
874944 220098 272134
874994 220098 272134
875044 220098 272134
875094 220098 272134
875144 220098 272134
875194 220098 272134
875244 220098 272134
875294 220098 272134
875344 220098 272134
875394 220098 272134
875444 220098 272134
875494 220098 272134
875544 220098 272134
875594 220098 272134
875644 220098 272134
875694 220098 272134
875744 220098 272134
875794 220098 272134
875844 220098 272134
875894 220098 272134
875944 220098 272134
875994 220098 272134
876044 220098 272134
876094 220098 272134
876144 220098 272134
876194 220098 272134
876244 220098 272134
876294 220098 272134
876344 220098 272134
876394 220098 272134
876444 220098 272134
876494 220098 272134
876544 220098 272134
876594 220098 272134
876644 220098 272134
876694 220098 272134
876744 220098 272134
876794 220098 272134
876844 220098 272134
876894 220098 272134
876944 220098 272134
876994 220098 272134
877044 220098 272134
877094 220098 272134
877144 220098 272134
877194 220098 272134
877244 220098 272134
877294 220098 272134
877344 220098 272134
877394 220098 272134
877444 220098 272134
877494 220098 272134
877544 220098 272134
877594 220098 272134
877644 220098 272134
877694 220098 272134
877744 220098 272134
877794 220098 272134
877844 220098 272134
877894 220098 272134
877944 220098 272134
877994 220098 272134
878044 220098 272134
878094 220098 272134
878144 220098 272134
878194 220098 272134
878244 220098 272134
878294 220098 272134
878344 220098 272134
878394 220098 272134
878444 220098 272134
878494 220098 272134
878544 220098 272134
878594 220098 272134
878644 220098 272134
878694 220098 272134
878744 220098 272134
878794 220098 272134
878844 220098 272134
878894 220098 272134
878944 220098 272134
878994 220098 272134
879044 220098 272134
879094 220098 272134
879144 220098 272134
879194 220098 272134
879244 220098 272134
879294 220098 272134
879344 220098 272134
879394 220098 272134
879444 220098 272134
879494 220098 272134
879544 220098 272134
879594 220098 272134
879644 220098 272134
879694 220098 272134
879744 220098 272134
879794 220098 272134
879844 220098 272134
879894 220098 272134
879944 220098 272134
879994 220098 272134
880044 220098 272134
880094 220098 272134
880144 220098 272134
880194 220098 272134
880244 220098 272134
880294 220098 272134
880344 220098 272134
880394 220098 272134
880444 220098 272134
880494 220098 272134
880544 220098 272134
880594 220098 272134
880644 220098 272134
880694 220098 272134
880744 220098 272134
880794 220098 272134
880844 220098 272134
880894 220098 272134
880944 220098 272134
880994 220098 272134
881044 220098 272134
881094 220098 272134
881144 220098 272134
881194 220098 272134
881244 220098 272134
881294 220098 272134
881344 220098 272134
881394 220098 272134
881444 220098 272134
881494 220098 272134
881544 220098 272134
881594 220098 272134
881644 220098 272134
881694 220098 272134
881744 220098 272134
881794 220098 272134
881844 220098 272134
881894 220098 272134
881944 220098 272134
881994 220098 272134
882044 220098 272134
882094 220098 272134
882144 220098 272134
882194 220098 272134
882244 220098 272134
882294 220098 272134
882344 220098 272134
882394 220098 272134
882444 220098 272134
882494 220098 272134
882544 220098 272134
882594 220098 272134
882644 220098 272134
882694 220098 272134
882744 220098 272134
882794 220098 272134
882844 220098 272134
882894 220098 272134
882944 220098 272134
882994 220098 272134
883044 220098 272134
883094 220098 272134
883144 220098 272134
883194 220098 272134
883244 220098 272134
883294 220098 272134
883344 220098 272134
883394 220098 272134
883444 220098 272134
883494 220098 272134
883544 220098 272134
883594 220098 272134
883644 220098 272134
883694 220098 272134
883744 220098 272134
883794 220098 272134
883844 220098 272134
883894 220098 272134
883944 220098 272134
883994 220098 272134
884044 220098 272134
884094 220098 272134
884144 220098 272134
884194 220098 272134
884244 220098 272134
884294 220098 272134
884344 220098 272134
884394 220098 272134
884444 220098 272134
884494 220098 272134
884544 220098 272134
884594 220098 272134
884644 220098 272134
884694 220098 272134
884744 220098 272134
884794 220098 272134
884844 220098 272134
884894 220098 272134
884944 220098 272134
884994 220098 272134
885044 220098 272134
885094 220098 272134
885144 220098 272134
885194 220098 272134
885244 220098 272134
885294 220098 272134
885344 220098 272134
885394 220098 272134
885444 220098 272134
885494 220098 272134
885544 220098 272134
885594 220098 272134
885644 220098 272134
885694 220098 272134
885744 220098 272134
885794 220098 272134
885844 220098 272134
885894 220098 272134
885944 220098 272134
885994 220098 272134
886044 220098 272134
886094 220098 272134
886144 220098 272134
886194 220099 272123
886244 220135 272165
886294 220175 272219
886344 220199 272206
886394 220221 272195
886444 220259 272157
886494 220289 272159
886544 220327 272199
886594 220377 272254
886644 220425 272314
886694 220475 272375
886744 220523 272437
886794 220569 272498
886844 220622 272558
886894 220675 272619
886944 220722 272679
886994 220770 272739
887044 220815 272798
887094 220871 272859
887144 220918 272920
887194 220963 272982
887244 221012 273044
887294 221059 273107
887344 221109 273168
887394 221162 273229
887444 221206 273290
887494 221255 273352
887544 221299 273414
887594 221353 273475
887644 221406 273536
887694 221449 273597
887744 221497 273655
887794 221541 273715
887844 221593 273776
887894 221641 273837
887944 221686 273899
887994 221735 273960
888044 221782 274022
888094 221833 274085
888144 221887 274147
888194 221934 274209
888244 221982 274270
888294 222025 274330
888344 222075 274391
888394 222128 274452
888444 222174 274514
888494 222223 274575
888544 222268 274635
888594 222318 274696
888644 222370 274756
888694 222416 274817
888744 222462 274878
888794 222512 274939
888844 222558 275000
888894 222616 275063
888944 222663 275122
888994 222708 275184
889044 222758 275245
889094 222804 275306
889144 222856 275365
889194 222906 275425
889244 222952 275485
889294 223002 275548
889344 223052 275610
889394 223102 275673
889444 223155 275733
889494 223200 275793
889544 223248 275854
889594 223292 275914
889644 223340 275975
889694 223393 276035
889744 223438 276096
889794 223488 276157
889844 223532 276219
889894 223582 276280
889944 223636 276342
889994 223682 276404
890044 223727 276464
890094 223775 276522
890144 223824 276583
890194 223876 276641
890244 223920 276700
890294 223968 276761
890344 224012 276821
890394 224062 276881
890444 224114 276940
890494 224159 276998
890544 224208 277060
890594 224254 277121
890644 224304 277184
890694 224359 277245
890744 224407 277308
890794 224454 277369
890844 224504 277431
890894 224550 277492
890944 224599 277553
890994 224652 277614
891044 224698 277677
891094 224748 277738
891144 224794 277800
891194 224843 277860
891244 224904 277921
891294 224950 277982
891344 224995 278045
891394 225046 278107
891444 225094 278169
891494 225146 278230
891544 225200 278293
891594 225247 278356
891644 225294 278418
891694 225344 278481
891744 225390 278542
891794 225444 278602
891844 225495 278663
891894 225542 278724
891944 225590 278787
891994 225640 278850
892044 225690 278912
892094 225748 278972
892144 225792 279032
892194 225839 279093
892244 225888 279154
892294 225934 279214
892344 225991 279276
892394 226041 279337
892444 226088 279399
892494 226138 279462
892544 226186 279525
892594 226236 279587
892644 226295 279649
892694 226340 279710
892744 226388 279772
892794 226422 279840
892844 226452 279907
892894 226484 279973
892944 226535 280040
892994 226580 280102
893044 226629 280166
893094 226674 280230
893144 226724 280295
893194 226779 280361
893244 226826 280427
893294 226874 280493
893344 226928 280559
893394 226978 280626
893444 227030 280693
893494 227086 280758
893544 227134 280823
893594 227179 280888
893644 227230 280952
893694 227277 281016
893744 227332 281080
893794 227386 281144
893844 227436 281209
893894 227483 281274
893944 227534 281340
893994 227586 281406
894044 227638 281471
894094 227696 281538
894144 227746 281604
894194 227799 281671
894244 227852 281738
894294 227906 281806
894344 227954 281872
894394 228008 281937
894444 228060 282001
894494 228108 282067
894544 228159 282134
894594 228212 282202
894644 228260 282268
894694 228310 282334
894744 228364 282398
894794 228408 282462
894844 228456 282526
894894 228502 282590
894944 228550 282653
894994 228604 282717
895044 228650 282782
895094 228699 282847
895144 228750 282912
895194 228800 282977
895244 228855 283042
895294 228904 283107
895344 228951 283172
895394 229000 283237
895444 229050 283302
895494 229104 283367
895544 229156 283431
895594 229204 283495
895644 229252 283558
895694 229296 283621
895744 229348 283685
895794 229398 283750
895844 229444 283815
895894 229495 283880
895944 229544 283946
895994 229594 284012
896044 229646 284079
896094 229700 284145
896144 229744 284210
896194 229795 284275
896244 229840 284338
896294 229890 284402
896344 229944 284468
896394 229991 284534
896444 230040 284599
896494 230091 284663
896544 230136 284728
896594 230191 284793
896644 230242 284858
896694 230291 284921
896744 230340 284988
896794 230394 285055
896844 230440 285120
896894 230492 285185
896944 230545 285251
896994 230590 285323
897044 230639 285394
897094 230700 285467
897144 230760 285544
897194 230822 285623
897244 230884 285702
897294 230939 285779
897344 231000 285857
897394 231058 285934
897444 231116 286012
897494 231174 286090
897544 231232 286168
897594 231292 286246
897644 231355 286325
897694 231416 286404
897744 231474 286483
897794 231536 286561
897844 231594 286639
897894 231650 286717
897944 231710 286795
897994 231768 286872
898044 231828 286948
898094 231883 287025
898144 231944 287102
898194 232003 287180
898244 232062 287258
898294 232122 287337
898344 232183 287416
898394 232248 287496
898444 232306 287575
898494 232362 287651
898544 232419 287729
898594 232478 287808
898644 232535 287886
898694 232592 287964
898744 232649 288041
898794 232706 288119
898844 232764 288197
898894 232822 288275
898944 232884 288353
898994 232940 288431
899044 233000 288507
899094 233058 288586
899144 233118 288666
899194 233178 288746
899244 233239 288824
899294 233302 288904
899344 233364 288984
899394 233424 289064
899444 233482 289143
899494 233539 289221
899544 233598 289300
899594 233660 289378
899644 233718 289456
899694 233775 289534
899744 233834 289612
899794 233892 289690
899844 233952 289769
899894 234012 289848
899944 234070 289927
899994 234127 290005
900044 234184 290083
900094 234242 290161
900144 234298 290238
900194 234355 290316
900244 234415 290392
900294 234471 290469
900344 234532 290546
900394 234590 290624
900444 234652 290702
900494 234711 290782
900544 234772 290860
900594 234832 290939
900644 234890 291018
900694 234951 291096
900744 235010 291175
900794 235068 291252
900844 235127 291330
900894 235186 291408
900944 235244 291486
900994 235302 291564
901044 235362 291642
901094 235422 291719
901144 235482 291798
901194 235542 291877
901244 235602 291956
901294 235662 292036
901344 235722 292115
901394 235783 292194
901444 235844 292272
901494 235906 292351
901544 235968 292431
901594 236028 292511
901644 236083 292590
901694 236142 292669
901744 236200 292748
901794 236259 292825
901844 236316 292904
901894 236376 292982
901944 236435 293060
901994 236495 293140
902044 236555 293218
902094 236614 293297
902144 236672 293374
902194 236730 293452
902244 236788 293530
902294 236846 293609
902344 236902 293686
902394 236960 293763
902444 237016 293840
902494 237074 293917
902544 237136 293996
902594 237196 294074
902644 237254 294152
902694 237315 294232
902744 237372 294313
902794 237430 294392
902844 237491 294469
902894 237548 294546
902944 237606 294623
902994 237664 294701
903044 237722 294779
903094 237780 294856
903144 237838 294933
903194 237896 295011
903244 237955 295089
903294 238011 295168
903344 238072 295248
903394 238132 295327
903444 238192 295407
903494 238251 295485
903544 238308 295564
903594 238368 295642
903644 238432 295721
903694 238495 295801
903744 238556 295882
903794 238614 295962
903844 238672 296040
903894 238730 296118
903944 238788 296196
903994 238843 296275
904044 238902 296341
904094 238959 296407
904144 239014 296473
904194 239071 296536
904244 239120 296597
904294 239174 296656
904344 239227 296714
904394 239276 296773
904444 239326 296831
904494 239378 296889
904544 239436 296948
904594 239483 297007
904644 239527 297065
904694 239576 297125
904744 239624 297184
904794 239678 297246
904844 239724 297307
904894 239771 297367
904944 239822 297429
904994 239870 297492
905044 239920 297556
905094 239976 297619
905144 240023 297681
905194 240068 297741
905244 240116 297801
905294 240163 297863
905344 240220 297926
905394 240266 297987
905444 240312 298049
905494 240364 298110
905544 240414 298170
905594 240468 298231
905644 240520 298293
905694 240567 298354
905744 240614 298417
905794 240666 298481
905844 240714 298545
905894 240768 298607
905944 240820 298669
905994 240866 298731
906044 240916 298794
906094 240963 298856
906144 241012 298919
906194 241068 298983
906244 241122 299047
906294 241168 299111
906344 241216 299173
906394 241266 299233
906444 241311 299294
906494 241368 299356
906544 241412 299418
906594 241462 299479
906644 241512 299541
906694 241562 299603
906744 241616 299665
906794 241666 299727
906844 241712 299790
906894 241764 299852
906944 241810 299913
906994 241860 299975
907044 241915 300037
907094 241962 300099
907144 242008 300161
907194 242059 300223
907244 242106 300285
907294 242156 300346
907344 242214 300408
907394 242260 300470
907444 242306 300533
907494 242358 300593
907544 242404 300653
907594 242459 300714
907644 242508 300776
907694 242555 300838
907744 242605 300897
907794 242650 300957
907844 242700 301017
907894 242758 301079
907944 242804 301141
907994 242854 301195
908044 242929 301221
908094 243008 301279
908144 243088 301364
908194 243175 301457
908244 243264 301559
908294 243356 301675
908344 243446 301790
908394 243544 301906
908444 243632 302021
908494 243726 302135
908544 243815 302251
908594 243910 302362
908644 243998 302471
908694 244094 302584
908744 244175 302699
908794 244264 302816
908844 244346 302932
908894 244438 303044
908944 244528 303153
908994 244620 303266
909044 244712 303376
909094 244804 303491
909144 244897 303607
909194 244987 303723
909244 245086 303837
909294 245178 303956
909344 245274 304071
909394 245356 304182
909444 245454 304299
909494 245542 304414
909544 245631 304528
909594 245720 304643
909644 245815 304759
909694 245908 304877
909744 245998 304992
909794 246096 305109
909844 246186 305223
909894 246284 305339
909944 246374 305457
909994 246474 305571
910044 246562 305687
910094 246656 305804
910144 246749 305920
910194 246842 306037
910244 246940 306154
910294 247032 306263
910344 247127 306376
910394 247214 306489
910444 247314 306602
910494 247400 306715
910544 247504 306831
910594 247598 306946
910644 247699 307060
910694 247794 307179
910744 247888 307288
910794 247980 307399
910844 248076 307515
910894 248164 307629
910944 248254 307741
910994 248355 307856
911044 248452 307972
911094 248554 308087
911144 248646 308202
911194 248747 308319
911244 248836 308435
911294 248934 308550
911344 249024 308668
911394 249123 308782
911444 249211 308896
911494 249312 309012
911544 249404 309128
911594 249498 309244
911644 249591 309361
911694 249682 309473
911744 249778 309587
911794 249870 309701
911844 249966 309815
911894 250058 309930
911944 250155 310046
911994 250248 310162
912044 250348 310277
912094 250439 310394
912144 250536 310509
912194 250624 310621
912244 250716 310737
912294 250804 310852
912344 250898 310965
912394 250991 311081
912444 251080 311197
912494 251182 311313
912544 251271 311429
912594 251370 311546
912644 251459 311662
912694 251558 311778
912744 251647 311895
912794 251743 312007
912844 251835 312119
912894 251928 312234
912944 252023 312351
912994 252113 312467
913044 252210 312583
913094 252301 312698
913144 252397 312813
913194 252485 312929
913244 252585 313043
913294 252673 313156
913344 252773 313272
913394 252863 313388
913444 252963 313503
913494 253049 313620
913544 253141 313736
913594 253233 313851
913644 253325 313966
913694 253418 314082
913744 253507 314195
913794 253603 314310
913844 253694 314426
913894 253791 314543
913944 253883 314659
913994 253982 314775
914044 254072 314890
914094 254166 315007
914144 254254 315123
914194 254335 315222
914244 254394 315312
914294 254453 315407
914344 254521 315496
914394 254581 315570
914444 254639 315639
914494 254691 315707
914544 254739 315775
914594 254789 315838
914644 254841 315895
914694 254891 315952
914744 254943 316009
914794 255001 316066
914844 255051 316123
914894 255097 316181
914944 255146 316242
914994 255191 316303
915044 255246 316365
915094 255296 316427
915144 255343 316490
915194 255395 316552
915244 255443 316615
915294 255491 316677
915344 255547 316738
915394 255597 316799
915444 255646 316859
915494 255695 316921
915544 255743 316983
915594 255793 317045
915644 255851 317105
915694 255897 317167
915744 255943 317229
915794 255994 317290
915844 256041 317351
915894 256095 317413
915944 256147 317474
915994 256195 317535
916044 256242 317597
916094 256293 317659
916144 256339 317721
916194 256394 317783
916244 256445 317846
916294 256491 317909
916344 256542 317969
916394 256591 318030
916444 256639 318092
916494 256695 318156
916544 256746 318218
916594 256793 318280
916644 256843 318340
916694 256889 318402
916744 256938 318463
916794 256993 318524
916844 257039 318585
916894 257083 318646
916944 257133 318708
916994 257179 318770
917044 257233 318830
917094 257284 318892
917144 257331 318955
917194 257381 319016
917244 257427 319077
917294 257477 319138
917344 257530 319200
917394 257575 319261
917444 257623 319322
917494 257669 319382
917544 257718 319443
917594 257771 319504
917644 257817 319565
917694 257863 319627
917744 257913 319688
917794 257958 319750
917844 258013 319812
917894 258065 319875
917944 258112 319936
917994 258163 319996
918044 258207 320056
918094 258259 320116
918144 258313 320179
918194 258359 320240
918244 258405 320301
918294 258455 320362
918344 258501 320424
918394 258559 320486
918444 258605 320547
918494 258651 320608
918544 258703 320670
918594 258749 320732
918644 258800 320794
918694 258855 320856
918744 258901 320918
918794 258947 320979
918844 258997 321042
918894 259045 321104
918944 259099 321167
918994 259151 321229
919044 259199 321291
919094 259247 321354
919144 259297 321417
919194 259343 321480
919244 259397 321540
919294 259446 321602
919344 259490 321663
919394 259539 321724
919444 259585 321786
919494 259638 321846
919544 259687 321908
919594 259733 321970
919644 259782 322031
919694 259822 322095
919744 259863 322163
919794 259883 322231
919844 259929 322298
919894 259975 322363
919944 260026 322425
919994 260075 322489
920044 260123 322554
920094 260176 322619
920144 260221 322683
920194 260266 322747
920244 260315 322811
920294 260361 322876
920344 260418 322941
920394 260467 323006
920444 260515 323072
920494 260566 323139
920544 260619 323205
920594 260669 323270
920644 260719 323336
920694 260773 323401
920744 260819 323465
920794 260867 323530
920844 260919 323595
920894 260965 323660
920944 261019 323726
920994 261071 323791
921044 261119 323856
921094 261166 323921
921144 261218 323985
921194 261266 324050
921244 261319 324116
921294 261377 324183
921344 261430 324249
921394 261479 324316
921444 261531 324383
921494 261581 324449
921544 261629 324515
921594 261682 324581
921644 261739 324647
921694 261790 324714
921744 261841 324782
921794 261889 324849
921844 261940 324916
921894 261987 324982
921944 262043 325047
921994 262094 325112
922044 262141 325177
922094 262191 325243
922144 262239 325309
922194 262291 325374
922244 262347 325441
922294 262401 325507
922344 262450 325574
922394 262496 325641
922444 262547 325706
922494 262594 325771
922544 262647 325835
922594 262701 325901
922644 262747 325966
922694 262797 326030
922744 262843 326094
922794 262893 326158
922844 262951 326224
922894 262998 326290
922944 263047 326355
922994 263100 326421
923044 263151 326487
923094 263205 326554
923144 263259 326622
923194 263314 326689
923244 263359 326754
923294 263407 326819
923344 263458 326883
923394 263505 326949
923444 263559 327015
923494 263615 327081
923544 263663 327146
923594 263711 327210
923644 263761 327275
923694 263807 327340
923744 263862 327405
923794 263915 327471
923844 263969 327538
923894 264017 327605
923944 264083 327688
923994 264151 327788
924044 264229 327893
924094 264322 328002
924144 264403 328114
924194 264502 328233
924244 264587 328353
924294 264685 328475
924344 264771 328598
924394 264873 328720
924444 264960 328843
924494 265058 328967
924544 265147 329089
924594 265247 329212
924644 265339 329335
924694 265435 329458
924744 265527 329580
924794 265619 329703
924844 265719 329826
924894 265817 329951
924944 265927 330077
924994 266023 330202
925044 266118 330325
925094 266209 330449
925144 266307 330572
925194 266406 330695
925244 266499 330819
925294 266601 330945
925344 266695 331069
925394 266797 331194
925444 266886 331319
925494 266983 331444
925544 267087 331569
925594 267181 331694
925644 267275 331819
925694 267369 331945
925744 267466 332069
925794 267555 332193
925844 267653 332316
925894 267743 332440
925944 267835 332563
925994 267927 332684
926044 268017 332807
926094 268109 332929
926144 268199 333050
926194 268293 333173
926244 268383 333298
926294 268483 333421
926344 268574 333545
926394 268669 333668
926444 268757 333790
926494 268854 333912
926544 268942 334034
926594 269033 334158
926644 269122 334282
926694 269215 334405
926744 269306 334528
926794 269398 334651
926844 269490 334775
926894 269581 334898
926944 269679 335021
926994 269767 335134
927044 269855 335245
927094 269933 335354
927144 270011 335459
927194 270087 335560
927244 270166 335661
927294 270238 335761
927344 270313 335860
927394 270391 335959
927444 270467 336058
927494 270537 336157
927544 270610 336254
927594 270687 336352
927644 270763 336451
927694 270842 336551
927744 270913 336650
927794 270993 336749
927844 271071 336849
927894 271145 336949
927944 271218 337047
927994 271293 337146
928044 271371 337245
928094 271446 337346
928144 271518 337446
928194 271594 337546
928244 271674 337646
928294 271747 337747
928344 271825 337848
928394 271903 337950
928444 271983 338051
928494 272053 338153
928544 272135 338254
928594 272215 338356
928644 272291 338458
928694 272366 338561
928744 272439 338662
928794 272519 338762
928844 272590 338861
928894 272663 338961
928944 272739 339061
928994 272819 339161
929044 272891 339261
929094 272966 339361
929144 273042 339460
929194 273122 339559
929244 273189 339659
929294 273268 339760
929344 273343 339860
929394 273422 339960
929444 273489 340061
929494 273570 340161
929544 273647 340261
929594 273729 340362
929644 273797 340461
929694 273873 340561
929744 273949 340661
929794 274027 340761
929844 274094 340861
929894 274171 340961
929944 274245 341061
929994 274325 341161
930044 274395 341263
930094 274475 341364
930144 274550 341464
930194 274629 341565
930244 274697 341665
930294 274779 341765
930344 274859 341866
930394 274929 341967
930444 275001 342066
930494 275082 342166
930544 275157 342265
930594 275234 342363
930644 275299 342461
930694 275378 342561
930744 275453 342661
930794 275531 342758
930844 275598 342855
930894 275677 342956
930944 275751 343057
930994 275829 343155
931044 275897 343253
931094 275971 343353
931144 276046 343451
931194 276126 343551
931244 276199 343650
931294 276277 343750
931344 276350 343850
931394 276427 343949
931444 276498 344049
931494 276573 344147
931544 276646 344246
931594 276723 344346
931644 276795 344446
931694 276873 344545
931744 276951 344646
931794 277031 344746
931844 277099 344847
931894 277178 344949
931944 277255 345049
931994 277333 345149
932044 277407 345250
932094 277482 345350
932144 277557 345451
932194 277634 345550
932244 277700 345649
932294 277777 345749
932344 277851 345849
932394 277931 345949
932444 278000 346047
932494 278083 346147
932544 278158 346249
932594 278235 346349
932644 278301 346448
932694 278377 346547
932744 278451 346647
932794 278528 346745
932844 278599 346844
932894 278671 346944
932944 278747 347045
932994 278827 347147
933044 278899 347249
933094 278972 347348
933144 279046 347449
933194 279123 347548
933244 279195 347648
933294 279269 347748
933344 279345 347849
933394 279425 347949
933444 279498 348050
933494 279575 348152
933544 279650 348253
933594 279726 348354
933644 279794 348454
933694 279875 348554
933744 279955 348654
933794 280031 348756
933844 280101 348857
933894 280179 348956
933944 280255 349056
933994 280334 349156
934044 280403 349254
934094 280483 349352
934144 280561 349452
934194 280633 349553
934244 280709 349652
934294 280783 349751
934344 280867 349851
934394 280937 349951
934444 281013 350050
934494 281087 350149
934544 281166 350249
934594 281238 350349
934644 281315 350451
934694 281395 350553
934744 281477 350655
934794 281543 350754
934844 281618 350854
934894 281694 350955
934944 281773 351055
934994 281843 351156
935044 281915 351252
935094 281989 351347
935144 282065 351442
935194 282137 351535
935244 282199 351627
935294 282265 351717
935344 282333 351808
935394 282403 351897
935444 282470 351987
935494 282542 352077
935544 282611 352167
935594 282679 352257
935644 282738 352346
935694 282802 352435
935744 282871 352522
935794 282939 352609
935844 283007 352699
935894 283077 352789
935944 283147 352879
935994 283217 352967
936044 283281 353056
936094 283346 353144
936144 283411 353232
936194 283479 353321
936244 283547 353409
936294 283610 353496
936344 283677 353585
936394 283746 353675
936444 283815 353764
936494 283887 353853
936544 283951 353944
936594 284023 354033
936644 284089 354122
936694 284155 354210
936744 284225 354298
936794 284295 354387
936844 284363 354475
936894 284427 354563
936944 284498 354652
936994 284562 354740
937044 284631 354828
937094 284697 354918
937144 284765 355008
937194 284835 355097
937244 284902 355185
937294 284974 355274
937344 285043 355361
937394 285115 355450
937444 285177 355539
937494 285243 355629
937544 285306 355717
937594 285373 355803
937644 285441 355890
937694 285507 355979
937744 285575 356068
937794 285645 356156
937844 285714 356244
937894 285783 356335
937944 285844 356423
937994 285913 356510
938044 285983 356598
938094 286052 356687
938144 286119 356776
938194 286186 356865
938244 286255 356955
938294 286325 357044
938344 286391 357134
938394 286453 357223
938444 286523 357314
938494 286596 357404
938544 286659 357488
938594 286675 357492
938644 286685 357492
938694 286703 357492
938744 286711 357491
938794 286711 357491
938844 286711 357490
938894 286711 357490
938944 286711 357490
938994 286711 357490
939044 286711 357490
939094 286711 357490
939144 286711 357490
939194 286711 357490
939244 286711 357490
939294 286711 357490
939344 286711 357490
939394 286711 357490
939444 286711 357490
939494 286711 357490
939544 286711 357490
939594 286711 357490
939644 286711 357490
939694 286711 357490
939744 286711 357490
939794 286711 357490
939844 286711 357490
939894 286711 357490
939944 286711 357490
939994 286711 357490
940044 286711 357490
940094 286711 357490
940144 286711 357490
940194 286711 357490
940244 286711 357490
940294 286711 357490
940344 286711 357490
940394 286711 357490
940444 286711 357490
940494 286711 357490
940544 286711 357490
940594 286711 357490
940644 286711 357490
940694 286711 357490
940744 286711 357490
940794 286711 357490
940844 286711 357490
940894 286711 357490
940944 286711 357490
940994 286711 357490
941044 286711 357490
941094 286711 357490
941144 286711 357490
941194 286711 357490
941244 286711 357490
941294 286711 357490
941344 286711 357490
941394 286711 357490
941444 286711 357490
941494 286711 357490
941544 286711 357490
941594 286711 357490
941644 286711 357490
941694 286711 357490
941744 286711 357490
941794 286711 357490
941844 286711 357490
941894 286711 357490
941944 286711 357490
941994 286711 357490
942044 286711 357490
942094 286711 357490
942144 286711 357490
942194 286711 357490
942244 286711 357490
942294 286711 357490
942344 286711 357490
942394 286711 357490
942444 286711 357490
942494 286711 357490
942544 286711 357490
942594 286711 357490
942644 286711 357490
942694 286711 357490
942744 286711 357490
942794 286711 357490
942844 286711 357490
942894 286711 357490
942944 286711 357490
942994 286711 357490
943044 286711 357490
943094 286711 357490
943144 286705 357484
943194 286672 357434
943244 286633 357391
943294 286583 357330
943344 286526 357273
943394 286465 357212
943444 286403 357149
943494 286342 357088
943544 286281 357028
943594 286220 356966
943644 286158 356904
943694 286095 356840
943744 286031 356777
943794 285968 356714
943844 285905 356652
943894 285842 356588
943944 285780 356525
943994 285718 356462
944044 285655 356398
944094 285592 356334
944144 285529 356271
944194 285465 356208
944244 285402 356145
944294 285338 356082
944344 285275 356020
944394 285214 355957
944444 285151 355895
944494 285087 355832
944544 285024 355770
944594 284961 355706
944644 284898 355642
944694 284834 355580
944744 284770 355516
944794 284705 355452
944844 284641 355387
944894 284578 355323
944944 284515 355260
944994 284451 355197
945044 284387 355135
945094 284323 355071
945144 284261 355008
945194 284197 354945
945244 284133 354881
945294 284070 354816
945344 284006 354752
945394 283943 354689
945444 283881 354627
945494 283819 354563
945544 283756 354500
945594 283693 354436
945644 283630 354373
945694 283567 354309
945744 283505 354245
945794 283442 354179
945844 283378 354115
945894 283315 354052
945944 283251 353989
945994 283189 353925
946044 283127 353862
946094 283065 353801
946144 283003 353740
946194 282942 353678
946244 282879 353614
946294 282815 353550
946344 282751 353486
946394 282688 353423
946444 282625 353360
946494 282562 353297
946544 282499 353234
946594 282435 353170
946644 282372 353106
946694 282309 353042
946744 282244 352979
946794 282180 352917
946844 282117 352853
946894 282055 352790
946944 281992 352728
946994 281929 352666
947044 281866 352603
947094 281803 352541
947144 281741 352478
947194 281677 352414
947244 281614 352350
947294 281550 352286
947344 281486 352222
947394 281421 352159
947444 281358 352095
947494 281295 352032
947544 281231 351969
947594 281167 351907
947644 281103 351845
947694 281041 351782
947744 280978 351719
947794 280914 351655
947844 280851 351592
947894 280787 351528
947944 280725 351465
947994 280663 351403
948044 280600 351341
948094 280537 351278
948144 280474 351215
948194 280411 351153
948244 280348 351091
948294 280286 351028
948344 280223 350965
948394 280159 350901
948444 280097 350838
948494 280034 350775
948544 279971 350713
948594 279907 350649
948644 279846 350587
948694 279785 350527
948744 279723 350466
948794 279662 350405
948844 279599 350341
948894 279535 350277
948944 279471 350215
948994 279408 350153
949044 279345 350089
949094 279282 350027
949144 279219 349963
949194 279157 349899
949244 279093 349836
949294 279030 349772
949344 278966 349709
949394 278902 349646
949444 278839 349583
949494 278777 349521
949544 278714 349458
949594 278651 349396
949644 278588 349334
949694 278525 349271
949744 278462 349208
949794 278399 349144
949844 278335 349080
949894 278271 349016
949944 278206 348952
949994 278142 348889
950044 278079 348825
950094 278017 348762
950144 277961 348605
950194 277981 348662
950244 277979 348646
950294 277985 348637
950344 278021 348703
950394 278063 348781
950444 278105 348869
950494 278179 348964
950544 278249 349057
950594 278319 349154
950644 278395 349253
950694 278471 349353
950744 278550 349451
950794 278618 349551
950844 278698 349651
950894 278774 349751
950944 278850 349851
950994 278921 349950
951044 279003 350050
951094 279078 350150
951144 279153 350250
951194 279225 350350
951244 279303 350450
951294 279378 350551
951344 279451 350653
951394 279527 350754
951444 279606 350857
951494 279683 350958
951544 279757 351059
951594 279831 351160
951644 279906 351260
951694 279985 351361
951744 280054 351460
951794 280127 351560
951844 280202 351661
951894 280283 351761
951944 280359 351862
951994 280434 351962
952044 280510 352063
952094 280591 352164
952144 280662 352263
952194 280746 352365
952244 280822 352467
952294 280899 352569
952344 280967 352669
952394 281047 352769
952444 281126 352869
952494 281201 352968
952544 281273 353068
952594 281349 353168
952644 281426 353268
952694 281503 353368
952744 281571 353467
952794 281651 353568
952844 281723 353667
952894 281799 353767
952944 281865 353867
952994 281944 353967
953044 282019 354067
953094 282101 354167
953144 282170 354267
953194 282247 354369
953244 282318 354469
953294 282395 354568
953344 282463 354667
953394 282539 354766
953444 282618 354864
953494 282690 354963
953544 282773 355062
953594 282840 355161
953644 282919 355262
953694 282994 355362
953744 283077 355462
953794 283143 355560
953844 283225 355660
953894 283307 355761
953944 283383 355862
953994 283453 355961
954044 283530 356061
954094 283605 356160
954144 283681 356259
954194 283753 356358
954244 283829 356457
954294 283909 356558
954344 283985 356660
954394 284061 356760
954444 284141 356860
954494 284223 356960
954544 284293 357060
954594 284367 357158
954644 284443 357259
954694 284523 357360
954744 284595 357460
954794 284673 357562
954844 284753 357664
954894 284834 357766
954944 284899 357866
954994 284977 357967
955044 285053 358067
955094 285131 358166
955144 285193 358266
955194 285271 358365
955244 285346 358466
955294 285427 358566
955344 285497 358667
955394 285575 358767
955444 285651 358866
955494 285731 358968
955544 285803 359070
955594 285882 359170
955644 285963 359271
955694 286033 359372
955744 286103 359471
955794 286179 359570
955844 286258 359668
955894 286327 359768
955944 286402 359867
955994 286479 359968
956044 286559 360068
956094 286629 360167
956144 286703 360266
956194 286777 360365
956244 286855 360466
956294 286926 360565
956344 286997 360665
956394 287071 360766
956444 287151 360866
956494 287223 360967
956544 287303 361068
956594 287380 361170
956644 287457 361270
956694 287527 361370
956744 287601 361469
956794 287675 361568
956844 287754 361667
956894 287823 361766
956944 287899 361865
956994 287977 361966
957044 288055 362064
957094 288123 362165
957144 288205 362267
957194 288282 362368
957244 288357 362468
957294 288434 362569
957344 288513 362670
957394 288593 362770
957444 288661 362871
957494 288740 362970
957544 288815 363070
957594 288895 363170
957644 288965 363270
957694 289043 363371
957744 289123 363472
957794 289193 363571
957844 289270 363671
957894 289347 363772
957944 289427 363872
957994 289498 363973
958044 289573 364074
958094 289650 364175
958144 289730 364275
958194 289799 364376
958244 289883 364478
958294 289959 364578
958344 290035 364677
958394 290103 364776
958444 290183 364875
958494 290259 364974
958544 290334 365069
958594 290403 365159
958644 290477 365248
958694 290541 365334
958744 290607 365418
958794 290674 365501
958844 290737 365582
958894 290799 365662
958944 290861 365742
958994 290923 365823
959044 290989 365902
959094 291051 365981
959144 291110 366060
959194 291171 366139
959244 291229 366216
959294 291289 366292
959344 291351 366371
959394 291410 366450
959444 291470 366530
959494 291531 366609
959544 291593 366687
959594 291649 366767
959644 291708 366844
959694 291767 366922
959744 291825 367000
959794 291885 367077
959844 291944 367155
959894 292001 367234
959944 292061 367312
959994 292121 367391
960044 292181 367471
960094 292240 367551
960144 292300 367630
960194 292363 367709
960244 292425 367788
960294 292487 367868
960344 292545 367946
960394 292600 368024
960444 292660 368100
960494 292721 368178
960544 292779 368256
960594 292837 368333
960644 292891 368410
960694 292949 368485
960744 293007 368561
960794 293065 368637
960844 293123 368716
960894 293183 368794
960944 293241 368872
960994 293295 368949
961044 293355 369027
961094 293416 369106
961144 293477 369185
961194 293537 369264
961244 293597 369343
961294 293652 369423
961344 293705 369502
961394 293764 369579
961444 293819 369657
961494 293875 369734
961544 293931 369812
961594 293991 369890
961644 294049 369968
961694 294105 370046
961744 294163 370125
961794 294223 370203
961844 294281 370281
961894 294341 370358
961944 294399 370435
961994 294457 370513
962044 294512 370591
962094 294567 370670
962144 294623 370747
962194 294679 370826
962244 294735 370905
962294 294793 370982
962344 294851 371061
962394 294913 371139
962444 294971 371219
962494 295033 371298
962544 295091 371375
962594 295151 371452
962644 295205 371529
962694 295263 371607
962744 295327 371685
962794 295385 371761
962844 295444 371837
962894 295483 371893
962944 295507 371896
962994 295525 371896
963044 295533 371896
963094 295537 371896
963144 295537 371896
963194 295537 371895
963244 295537 371895
963294 295537 371895
963344 295537 371895
963394 295537 371895
963444 295537 371895
963494 295537 371895
963544 295537 371895
963594 295537 371895
963644 295537 371895
963694 295537 371895
963744 295537 371895
963794 295537 371895
963844 295537 371895
963894 295537 371895
963944 295537 371895
963994 295537 371895
964044 295537 371895
964094 295537 371895
964144 295537 371895
964194 295537 371895
964244 295533 371821
964294 295510 371754
964344 295472 371704
964394 295425 371654
964444 295368 371598
964494 295308 371535
964544 295244 371471
964594 295180 371408
964644 295116 371345
964694 295052 371281
964744 294990 371218
964794 294927 371154
964844 294864 371090
964894 294800 371026
964944 294736 370962
964994 294673 370898
965044 294611 370835
965094 294548 370772
965144 294486 370709
965194 294424 370646
965244 294360 370582
965294 294297 370518
965344 294234 370455
965394 294171 370391
965444 294108 370327
965494 294045 370263
965544 293983 370199
965594 293920 370135
965644 293858 370071
965694 293794 370007
965744 293730 369944
965794 293667 369879
965844 293604 369816
965894 293541 369754
965944 293479 369692
965994 293417 369630
966044 293354 369567
966094 293290 369503
966144 293226 369439
966194 293163 369378
966244 293100 369315
966294 293036 369253
966344 292972 369189
966394 292909 369125
966444 292845 369062
966494 292783 368999
966544 292719 368938
966594 292656 368876
966644 292593 368814
966694 292532 368753
966744 292469 368691
966794 292408 368628
966844 292344 368565
966894 292281 368502
966944 292217 368439
966994 292155 368377
967044 292091 368313
967094 292027 368247
967144 291961 368183
967194 291897 368119
967244 291833 368055
967294 291769 367991
967344 291705 367929
967394 291644 367866
967444 291580 367802
967494 291517 367738
967544 291453 367674
967594 291390 367611
967644 291327 367548
967694 291264 367485
967744 291201 367423
967794 291139 367360
967844 291076 367297
967894 291013 367233
967944 290949 367170
967994 290888 367107
968044 290825 367043
968094 290763 366980
968144 290701 366917
968194 290639 366853
968244 290575 366789
968294 290511 366726
968344 290447 366661
968394 290383 366597
968444 290319 366533
968494 290256 366471
968544 290193 366409
968594 290133 366346
968644 290069 366283
968694 290005 366220
968744 289941 366158
968794 289880 366097
968844 289816 366035
968894 289752 365971
968944 289689 365908
968994 289626 365845
969044 289562 365781
969094 289498 365718
969144 289433 365656
969194 289369 365594
969244 289305 365531
969294 289243 365469
969344 289180 365407
969394 289117 365345
969444 289055 365283
969494 288992 365221
969544 288929 365159
969594 288868 365097
969644 288805 365033
969694 288741 364969
969744 288677 364907
969794 288613 364845
969844 288552 364783
969894 288489 364720
969944 288427 364657
969994 288364 364593
970044 288300 364530
970094 288236 364467
970144 288173 364403
970194 288110 364341
970244 288048 364279
970294 287986 364217
970344 287923 364154
970394 287860 364091
970444 287796 364027
970494 287733 363964
970544 287670 363901
970594 287607 363838
970644 287544 363775
970694 287482 363712
970744 287420 363649
970794 287357 363585
970844 287293 363522
970894 287231 363459
970944 287168 363397
970994 287105 363334
971044 287043 363271
971094 286981 363210
971144 286919 363148
971194 286857 363086
971244 286793 363022
971294 286729 362959
971344 286666 362896
971394 286603 362834
971444 286540 362771
971494 286476 362709
971544 286413 362645
971594 286351 362582
971644 286288 362519
971694 286223 362457
971744 286160 362395
971794 286096 362333
971844 286033 362271
971894 285971 362209
971944 285909 362146
971994 285845 362083
972044 285782 362021
972094 285720 361958
972144 285657 361897
972194 285596 361835
972244 285532 361771
972294 285468 361707
972344 285404 361645
972394 285340 361582
972444 285277 361519
972494 285215 361457
972544 285152 361393
972594 285089 361329
972644 285025 361267
972694 284961 361203
972744 284899 361139
972794 284836 361077
972844 284773 361015
972894 284711 360953
972944 284648 360890
972994 284585 360827
973044 284521 360763
973094 284459 360701
973144 284395 360637
973194 284332 360574
973244 284269 360511
973294 284207 360447
973344 284144 360385
973394 284081 360321
973444 284017 360257
973494 283954 360195
973544 283891 360131
973594 283828 360068
973644 283765 360005
973694 283704 359944
973744 283641 359882
973794 283579 359820
973844 283515 359756
973894 283451 359693
973944 283387 359630
973994 283324 359568
974044 283260 359505
974094 283197 359442
974144 283133 359378
974194 283071 359314
974244 283007 359251
974294 282943 359188
974344 282879 359125
974394 282816 359062
974444 282752 358999
974494 282689 358937
974544 282627 358874
974594 282564 358811
974644 282500 358748
974694 282437 358686
974744 282376 358625
974794 282313 358562
974844 282249 358498
974894 282185 358434
974944 282122 358371
974994 282035 358238
975044 281986 358272
975094 282006 358211
975144 282033 358234
975194 282075 358315
975244 282133 358408
975294 282195 358514
975344 282256 358628
975394 282344 358748
975444 282435 358865
975494 282523 358984
975544 282614 359105
975594 282706 359226
975644 282796 359349
975694 282892 359472
975744 282984 359596
975794 283080 359719
975844 283168 359843
975894 283264 359965
975944 283354 360089
975994 283452 360213
976044 283535 360337
976094 283623 360460
976144 283715 360583
976194 283807 360705
976244 283898 360829
976294 283986 360951
976344 284082 361074
976394 284171 361197
976444 284266 361319
976494 284358 361444
976544 284456 361567
976594 284544 361687
976644 284639 361812
976694 284731 361936
976744 284819 362058
976794 284912 362182
976844 285006 362305
976894 285106 362428
976944 285196 362551
976994 285291 362675
977044 285380 362800
977094 285476 362924
977144 285568 363048
977194 285654 363171
977244 285748 363296
977294 285840 363420
977344 285939 363543
977394 286030 363667
977444 286125 363792
977494 286218 363915
977544 286307 364039
977594 286399 364161
977644 286482 364283
977694 286579 364405
977744 286670 364528
977794 286764 364650
977844 286856 364775
977894 286950 364897
977944 287043 365019
977994 287134 365144
978044 287238 365267
978094 287327 365389
978144 287426 365512
978194 287518 365634
978244 287616 365758
978294 287711 365881
978344 287804 366005
978394 287899 366129
978444 287994 366253
978494 288094 366376
978544 288180 366499
978594 288278 366623
978644 288368 366747
978694 288462 366871
978744 288556 366995
978794 288643 367120
978844 288739 367243
978894 288822 367366
978944 288916 367488
978994 289000 367609
979044 289091 367729
979094 289175 367849
979144 289268 367971
979194 289362 368093
979244 289463 368215
979294 289552 368340
979344 289642 368463
979394 289735 368585
979444 289824 368707
979494 289917 368830
979544 290004 368952
979594 290102 369075
979644 290192 369199
979694 290288 369323
979744 290380 369446
979794 290472 369569
979844 290571 369692
979894 290662 369817
979944 290754 369940
979994 290844 370063
980044 290942 370185
980094 291036 370308
980144 291127 370431
980194 291218 370555
980244 291311 370677
980294 291403 370798
980344 291492 370920
980394 291588 371041
980444 291676 371163
980494 291774 371285
980544 291864 371406
980594 291966 371529
980644 292056 371655
980694 292147 371777
980744 292239 371899
980794 292330 372022
980844 292426 372141
980894 292515 372263
980944 292614 372385
980994 292706 372509
981044 292804 372632
981094 292894 372755
981144 292987 372878
981194 293080 373001
981244 293174 373125
981294 293271 373248
981344 293358 373371
981394 293455 373493
981444 293544 373615
981494 293644 373737
981544 293734 373859
981594 293830 373980
981644 293918 374100
981694 294010 374221
981744 294100 374341
981794 294196 374463
981844 294287 374584
981894 294378 374705
981944 294478 374827
981994 294572 374952
982044 294670 375074
982094 294757 375195
982144 294855 375318
982194 294948 375439
982244 295042 375561
982294 295136 375684
982344 295230 375808
982394 295330 375932
982444 295419 376055
982494 295515 376177
982544 295606 376301
982594 295704 376425
982644 295795 376549
982694 295886 376672
982744 295986 376797
982794 296076 376920
982844 296172 377043
982894 296263 377167
982944 296362 377291
982994 296450 377412
983044 296546 377533
983094 296634 377655
983144 296730 377776
983194 296819 377897
983244 296912 378019
983294 297009 378144
983344 297103 378268
983394 297203 378392
983444 297292 378515
983494 297390 378639
983544 297479 378760
983594 297574 378881
983644 297660 379005
983694 297755 379128
983744 297847 379251
983794 297940 379373
983844 298032 379497
983894 298124 379622
983944 298227 379746
983994 298323 379870
984044 298416 379995
984094 298506 380118
984144 298599 380241
984194 298693 380364
984244 298782 380485
984294 298879 380608
984344 298968 380731
984394 299064 380852
984444 299156 380973
984494 299252 381095
984544 299340 381215
984594 299438 381338
984644 299528 381463
984694 299620 381585
984744 299716 381708
984794 299808 381832
984844 299904 381953
984894 299994 382076
984944 300092 382199
984994 300180 382321
985044 300278 382444
985094 300366 382567
985144 300460 382691
985194 300558 382813
985244 300648 382937
985294 300750 383062
985344 300844 383186
985394 300942 383311
985444 301030 383436
985494 301122 383560
985544 301216 383685
985594 301312 383808
985644 301406 383931
985694 301432 383960
985744 301460 383962
985794 301470 383973
985844 301478 383980
985894 301479 383980
985944 301479 383979
985994 301479 383978
986044 301479 383978
986094 301479 383978
986144 301479 383978
986194 301479 383978
986244 301479 383978
986294 301479 383978
986344 301479 383978
986394 301479 383978
986444 301479 383978
986494 301479 383978
986544 301479 383978
986594 301479 383978
986644 301479 383978
986694 301479 383978
986744 301479 383978
986794 301479 383978
986844 301479 383978
986894 301479 383978
986944 301445 383925
986994 301411 383884
987044 301362 383835
987094 301304 383780
987144 301245 383722
987194 301184 383661
987244 301121 383598
987294 301059 383535
987344 300996 383472
987394 300933 383409
987444 300870 383346
987494 300808 383283
987544 300745 383221
987594 300683 383158
987644 300620 383095
987694 300557 383031
987744 300495 382969
987794 300432 382907
987844 300370 382845
987894 300308 382782
987944 300245 382719
987994 300182 382656
988044 300120 382594
988094 300057 382531
988144 299995 382469
988194 299932 382406
988244 299871 382345
988294 299809 382283
988344 299745 382220
988394 299681 382155
988444 299617 382093
988494 299554 382030
988544 299491 381968
988594 299429 381905
988644 299366 381843
988694 299303 381779
988744 299239 381715
988794 299175 381652
988844 299111 381589
988894 299048 381527
988944 298987 381466
988994 298925 381405
989044 298863 381343
989094 298799 381281
989144 298735 381218
989194 298672 381155
989244 298608 381092
989294 298546 381029
989344 298483 380963
989394 298419 380898
989444 298354 380835
989494 298289 380772
989544 298225 380709
989594 298161 380644
989644 298097 380579
989694 298033 380515
989744 297969 380452
989794 297907 380390
989844 297844 380326
989894 297780 380263
989944 297717 380199
989994 297653 380135
990044 297589 380073
990094 297525 380010
990144 297462 379946
990194 297399 379882
990244 297336 379819
990294 297273 379756
990344 297211 379694
990394 297148 379633
990444 297085 379570
990494 297023 379508
990544 296960 379445
990594 296896 379382
990644 296833 379320
990694 296771 379257
990744 296708 379195
990794 296646 379134
990844 296584 379073
990894 296522 379011
990944 296459 378947
990994 296394 378883
991044 296331 378821
991094 296268 378759
991144 296205 378696
991194 296143 378634
991244 296081 378571
991294 296017 378507
991344 295953 378443
991394 295890 378379
991444 295827 378317
991494 295765 378255
991544 295704 378195
991594 295643 378133
991644 295581 378072
991694 295519 378009
991744 295455 377947
991794 295391 377883
991844 295328 377821
991894 295265 377757
991944 295201 377691
991994 295137 377627
992044 295073 377563
992094 295009 377500
992144 294945 377437
992194 294881 377372
992244 294817 377307
992294 294755 377243
992344 294692 377181
992394 294629 377119
992444 294565 377057
992494 294502 376993
992544 294439 376931
992594 294376 376867
992644 294313 376805
992694 294250 376742
992744 294187 376678
992794 294124 376615
992844 294061 376551
992894 293999 376489
992944 293936 376427
992994 293873 376365
993044 293811 376302
993094 293748 376239
993144 293685 376177
993194 293621 376115
993244 293559 376053
993294 293496 375989
993344 293433 375926
993394 293371 375865
993444 293308 375804
993494 293245 375742
993544 293181 375677
993594 293117 375613
993644 293053 375551
993694 292991 375489
993744 292928 375427
993794 292866 375365
993844 292803 375302
993894 292739 375239
993944 292674 375175
993994 292611 375112
994044 292547 375049
994094 292484 374987
994144 292422 374927
994194 292360 374865
994244 292297 374803
994294 292233 374741
994344 292169 374678
994394 292105 374615
994444 292043 374551
994494 291980 374487
994544 291916 374421
994594 291852 374357
994644 291788 374294
994694 291723 374231
994744 291659 374167
994794 291595 374103
994844 291531 374038
994894 291467 373973
994944 291404 373911
994994 291340 373849
995044 291276 373785
995094 291212 373721
995144 291148 373657
995194 291084 373593
995244 291020 373530
995294 290956 373466
995344 290892 373402
995394 290829 373338
995444 290766 373275
995494 290703 373213
995544 290640 373151
995594 290577 373089
995644 290515 373025
995694 290451 372963
995744 290414 372854
995794 290274 372850
995844 290283 372795
995894 290298 372782
995944 290342 372829
995994 290406 372922
996044 290468 373027
996094 290526 373141
996144 290617 373260
996194 290710 373377
996244 290798 373495
996294 290888 373616
996344 290980 373737
996394 291074 373857
996444 291162 373978
996494 291258 374100
996544 291348 374221
996594 291448 374341
996644 291537 374463
996694 291634 374585
996744 291725 374706
996794 291826 374829
996844 291916 374951
996894 292008 375074
996944 292104 375196
996994 292194 375320
997044 292289 375442
997094 292380 375566
997144 292478 375688
997194 292565 375809
997244 292662 375933
997294 292754 376057
997344 292850 376180
997394 292938 376304
997444 293032 376428
997494 293127 376552
997544 293222 376674
997594 293322 376797
997644 293410 376922
997694 293508 377046
997744 293598 377168
997794 293690 377290
997844 293781 377412
997894 293873 377533
997944 293974 377656
997994 294064 377778
998044 294165 377900
998094 294252 378022
998144 294353 378144
998194 294443 378267
998244 294541 378390
998294 294628 378514
998344 294724 378639
998394 294817 378763
998444 294904 378886
998494 294998 379008
998544 295086 379130
998594 295182 379253
998644 295270 379376
998694 295369 379499
998744 295460 379623
998794 295557 379746
998844 295648 379871
998894 295742 379994
998944 295841 380117
998994 295932 380240
999044 296028 380363
999094 296117 380485
999144 296215 380608
999194 296305 380728
999244 296406 380849
999294 296494 380974
999344 296588 381097
999394 296684 381217
999444 296772 381340
999494 296869 381461
999544 296958 381582
999594 297057 381705
999644 297146 381828
999694 297248 381952
999744 297341 382077
999794 297432 382198
999844 297522 382321
999894 297616 382443
999944 297710 382566
999994 297798 382688
1000044 297896 382812
1000094 297988 382936
1000144 298086 383059
1000194 298179 383183
1000244 298281 383306
1000294 298371 383429
1000344 298467 383554
1000394 298563 383676
1000444 298655 383800
1000494 298753 383924
1000544 298845 384045
1000594 298944 384169
1000644 299032 384294
1000694 299127 384417
1000744 299219 384539
1000794 299313 384661
1000844 299409 384784
1000894 299499 384906
1000944 299596 385030
1000994 299687 385155
1001044 299787 385278
1001094 299876 385403
1001144 299973 385521
1001194 300073 385635
1001244 300171 385752
1001294 300275 385866
1001344 300367 385980
1001394 300467 386094
1001444 300561 386207
1001494 300653 386322
1001544 300753 386436
1001594 300849 386550
1001644 300952 386663
1001694 301047 386778
1001744 301139 386892
1001794 301239 387006
1001844 301335 387121
1001894 301431 387235
1001944 301519 387348
1001994 301617 387465
1002044 301707 387582
1002094 301803 387697
1002144 301893 387810
1002194 301989 387924
1002244 302076 388039
1002294 302171 388152
1002344 302259 388268
1002394 302355 388385
1002444 302444 388500
1002494 302539 388616
1002544 302627 388732
1002594 302721 388846
1002644 302809 388961
1002694 302905 389077
1002744 302995 389190
1002794 303089 389304
1002844 303181 389418
1002894 303271 389534
1002944 303367 389650
1002994 303453 389764
1003044 303549 389879
1003094 303640 389995
1003144 303739 390110
1003194 303825 390224
1003244 303921 390338
1003294 304009 390450
1003344 304112 390563
1003394 304201 390679
1003444 304297 390796
1003494 304385 390911
1003544 304476 391025
1003594 304563 391139
1003644 304657 391253
1003694 304744 391367
1003744 304835 391481
1003794 304925 391597
1003844 305019 391713
1003894 305112 391829
1003944 305201 391945
1003994 305299 392059
1004044 305386 392174
1004094 305483 392291
1004144 305571 392405
1004194 305669 392520
1004244 305759 392636
1004294 305856 392752
1004344 305947 392868
1004394 306041 392983
1004444 306129 393097
1004494 306227 393212
1004544 306317 393328
1004594 306409 393441
1004644 306497 393556
1004694 306593 393670
1004744 306680 393783
1004794 306771 393896
1004844 306864 394012
1004894 306955 394128
1004944 307045 394240
1004994 307135 394353
1005044 307228 394465
1005094 307317 394578
1005144 307409 394692
1005194 307500 394806
1005244 307591 394922
1005294 307681 395037
1005344 307780 395154
1005394 307865 395268
1005444 307960 395382
1005494 308048 395499
1005544 308145 395615
1005594 308231 395729
1005644 308332 395847
1005694 308421 395964
1005744 308519 396080
1005794 308607 396196
1005844 308703 396311
1005894 308792 396427
1005944 308887 396543
1005994 308983 396657
1006044 309073 396772
1006094 309165 396887
1006144 309253 397003
1006194 309349 397115
1006244 309439 397233
1006294 309536 397350
1006344 309624 397464
1006394 309727 397577
1006444 309813 397691
1006494 309911 397803
1006544 309997 397916
1006594 310092 398030
1006644 310179 398144
1006694 310277 398260
1006744 310367 398376
1006794 310461 398490
1006844 310547 398603
1006894 310639 398720
1006944 310731 398835
1006994 310829 398949
1007044 310917 399065
1007094 311013 399181
1007144 311106 399296
1007194 311197 399411
1007244 311288 399525
1007294 311375 399640
1007344 311473 399755
1007394 311565 399869
1007444 311659 399983
1007494 311745 400097
1007544 311845 400213
1007594 311936 400325
1007644 312044 400440
1007694 312137 400557
1007744 312231 400672
1007794 312316 400785
1007844 312419 400897
1007894 312509 401011
1007944 312613 401125
1007994 312704 401239
1008044 312808 401356
1008094 312903 401474
1008144 313005 401590
1008194 313101 401707
1008244 313197 401820
1008294 313295 401935
1008344 313393 402049
1008394 313485 402162
1008444 313584 402277
1008494 313679 402393
1008544 313773 402511
1008594 313877 402628
1008644 313973 402745
1008694 314073 402862
1008744 314168 402978
1008794 314275 403093
1008844 314364 403205
1008894 314469 403319
1008944 314560 403433
1008994 314663 403544
1009044 314749 403658
1009094 314855 403776
1009144 314947 403894
1009194 315049 404007
1009244 315140 404121
1009294 315241 404234
1009344 315331 404346
1009394 315433 404460
1009444 315523 404574
1009494 315628 404691
1009544 315721 404807
1009594 315820 404924
1009644 315909 405037
1009694 316000 405150
1009744 316092 405268
1009794 316187 405382
1009844 316285 405495
1009894 316377 405611
1009944 316479 405728
1009994 316571 405843
1010044 316669 405958
1010094 316760 406073
1010144 316863 406189
1010194 316954 406306
1010244 317055 406420
1010294 317145 406534
1010344 317244 406649
1010394 317336 406764
1010444 317434 406876
1010494 317526 406993
1010544 317626 407110
1010594 317715 407223
1010644 317813 407336
1010694 317901 407448
1010744 317994 407560
1010794 318083 407673
1010844 318185 407786
1010894 318271 407901
1010944 318367 408016
1010994 318457 408132
1011044 318559 408246
1011094 318644 408359
1011144 318739 408475
1011194 318827 408590
1011244 318926 408705
1011294 319018 408820
1011344 319119 408936
1011394 319207 409052
1011444 319302 409166
1011494 319397 409281
1011544 319489 409396
1011594 319583 409512
1011644 319675 409628
1011694 319769 409741
1011744 319859 409855
1011794 319951 409969
1011844 320043 410081
1011894 320139 410196
1011944 320229 410312
1011994 320323 410426
1012044 320410 410538
1012094 320505 410653
1012144 320591 410766
1012194 320689 410879
1012244 320777 410994
1012294 320873 411110
1012344 320963 411227
1012394 321047 411337
1012444 321047 411344
1012494 321065 411349
1012544 321083 411368
1012594 321089 411373
1012644 321089 411373
1012694 321088 411373
1012744 321088 411372
1012794 321088 411371
1012844 321088 411371
1012894 321088 411371
1012944 321088 411371
1012994 321088 411371
1013044 321088 411371
1013094 321088 411371
1013144 321088 411371
1013194 321088 411371
1013244 321088 411371
1013294 321088 411371
1013344 321088 411371
1013394 321088 411371
1013444 321088 411371
1013494 321088 411371
1013544 321088 411371
1013594 321088 411371
1013644 321088 411371
1013694 321088 411371
1013744 321088 411371
1013794 321088 411371
1013844 321088 411371
1013894 321088 411371
1013944 321088 411371
1013994 321088 411371
1014044 321088 411371
1014094 321088 411371
1014144 321088 411371
1014194 321088 411371
1014244 321088 411371
1014294 321088 411371
1014344 321088 411371
1014394 321088 411371
1014444 321088 411371
1014494 321088 411371
1014544 321088 411371
1014594 321088 411371
1014644 321088 411371
1014694 321088 411371
1014744 321088 411371
1014794 321088 411371
1014844 321088 411371
1014894 321088 411371
1014944 321088 411371
1014994 321088 411371
1015044 321088 411371
1015094 321088 411371
1015144 321088 411371
1015194 321088 411371
1015244 321088 411371
1015294 321088 411371
